pose_id,feature_id,x,y,z,sigma_x,sigma_y,sigma_z
1,61,-1.2813,2.6484,-1.8105,0.0050,0.0050,0.0050
1,91,-0.1123,0.4707,0.4182,0.0050,0.0050,0.0050
1,92,0.4134,2.2814,-0.4615,0.0050,0.0050,0.0050
1,121,-1.7417,2.7250,-0.9528,0.0050,0.0050,0.0050
1,122,-0.1981,2.0343,1.9500,0.0050,0.0050,0.0050
1,152,-0.0209,-1.0393,0.3788,0.0050,0.0050,0.0050
1,167,3.4800,0.0009,2.0252,0.0050,0.0050,0.0050
1,181,-0.0232,-0.0439,1.1050,0.0050,0.0050,0.0050
1,227,-0.3819,-2.9648,3.2923,0.0050,0.0050,0.0050
1,241,-0.2274,-0.2505,-0.1179,0.0050,0.0050,0.0050
1,256,0.0082,0.0270,-0.6750,0.0050,0.0050,0.0050
1,271,2.4120,1.0267,2.5987,0.0050,0.0050,0.0050
1,286,-0.5748,-0.1090,1.2855,0.0050,0.0050,0.0050
1,301,0.0019,-0.3196,-0.0569,0.0050,0.0050,0.0050
1,302,1.8580,1.2563,0.4676,0.0050,0.0050,0.0050
1,317,-2.2809,-0.0858,1.4269,0.0050,0.0050,0.0050
1,331,-0.1942,0.2442,0.4485,0.0050,0.0050,0.0050
1,362,-2.2196,0.3459,-0.6375,0.0050,0.0050,0.0050
1,377,0.8613,0.1738,0.1307,0.0050,0.0050,0.0050
1,392,-2.0063,-1.2359,-0.4335,0.0050,0.0050,0.0050
1,406,-0.1455,-3.2153,2.4310,0.0050,0.0050,0.0050
1,421,-0.0105,-0.0153,0.9827,0.0050,0.0050,0.0050
1,422,0.1438,-1.3699,0.9977,0.0050,0.0050,0.0050
1,452,0.9092,0.4594,1.1214,0.0050,0.0050,0.0050
1,467,2.0526,-3.0911,0.3124,0.0050,0.0050,0.0050
1,496,-0.8355,-3.1748,0.3496,0.0050,0.0050,0.0050
1,497,1.3462,-0.8841,1.6373,0.0050,0.0050,0.0050
1,512,0.7212,-0.0125,-0.2988,0.0050,0.0050,0.0050
1,526,0.4153,-3.2498,2.3628,0.0050,0.0050,0.0050
1,541,0.6272,-0.0921,1.3045,0.0050,0.0050,0.0050
1,601,2.6900,1.6869,1.6447,0.0050,0.0050,0.0050
1,616,-2.8961,-0.1167,3.0766,0.0050,0.0050,0.0050
1,632,-0.6160,-0.9953,-1.1996,0.0050,0.0050,0.0050
1,646,0.7658,-3.1007,2.6011,0.0050,0.0050,0.0050
1,647,2.6289,-2.2602,-0.2796,0.0050,0.0050,0.0050
1,661,1.6626,-1.3345,-1.8847,0.0050,0.0050,0.0050
1,662,1.6273,-0.9489,-2.0081,0.0050,0.0050,0.0050
1,676,0.4536,-0.1159,1.5715,0.0050,0.0050,0.0050
1,691,0.6357,1.4900,4.2965,0.0050,0.0050,0.0050
1,707,-0.2685,2.7618,2.8622,0.0050,0.0050,0.0050
1,721,-1.2687,-2.6920,-0.8013,0.0050,0.0050,0.0050
1,722,2.4739,-0.5880,-1.3502,0.0050,0.0050,0.0050
1,751,-0.4568,-0.2697,0.7758,0.0050,0.0050,0.0050
1,766,-2.5986,-1.7340,2.1602,0.0050,0.0050,0.0050
1,782,0.6352,-0.2176,-0.4586,0.0050,0.0050,0.0050
1,811,1.5836,-0.5305,1.3476,0.0050,0.0050,0.0050
1,812,-1.0474,-1.8074,1.9692,0.0050,0.0050,0.0050
1,827,0.6861,0.0944,1.2690,0.0050,0.0050,0.0050
1,856,-0.2065,-0.6022,1.9032,0.0050,0.0050,0.0050
1,871,-2.0658,0.3990,3.0784,0.0050,0.0050,0.0050
1,872,-1.5248,-1.6337,2.9427,0.0050,0.0050,0.0050
1,886,-0.7178,3.1814,3.2799,0.0050,0.0050,0.0050
1,917,1.3524,-1.1052,-0.7014,0.0050,0.0050,0.0050
1,931,-0.0384,1.9434,-1.0821,0.0050,0.0050,0.0050
1,932,0.5986,-0.1553,0.4125,0.0050,0.0050,0.0050
1,947,1.3181,-0.2683,0.0696,0.0050,0.0050,0.0050
1,961,-2.1372,2.2914,3.0830,0.0050,0.0050,0.0050
1,962,0.5027,0.2193,1.5879,0.0050,0.0050,0.0050
1,1021,0.4959,-0.7151,-0.9800,0.0050,0.0050,0.0050
1,1022,-0.2998,1.3117,0.5208,0.0050,0.0050,0.0050
1,1036,0.4623,-0.2654,-0.1859,0.0050,0.0050,0.0050
1,1051,-0.3283,2.2157,2.0515,0.0050,0.0050,0.0050
1,1066,2.2901,-1.7237,2.3949,0.0050,0.0050,0.0050
1,1067,0.0746,-0.9519,2.2085,0.0050,0.0050,0.0050
1,1082,-1.0211,1.5259,2.0338,0.0050,0.0050,0.0050
1,1097,-0.7819,2.5101,2.9797,0.0050,0.0050,0.0050
1,1126,0.3612,0.7940,2.4097,0.0050,0.0050,0.0050
1,1127,1.1624,0.1674,-0.2969,0.0050,0.0050,0.0050
1,1156,-0.5589,0.6023,4.4762,0.0050,0.0050,0.0050
1,1157,0.8071,0.4014,0.1561,0.0050,0.0050,0.0050
1,1187,1.2667,3.2498,2.3946,0.0050,0.0050,0.0050
2,33,-1.0944,0.1582,-0.7448,0.0050,0.0050,0.0050
2,47,1.4829,1.6584,-0.0702,0.0050,0.0050,0.0050
2,61,-2.2837,2.6409,-1.7990,0.0050,0.0050,0.0050
2,62,0.7647,-3.1900,0.7109,0.0050,0.0050,0.0050
2,91,-1.1025,0.4665,0.4162,0.0050,0.0050,0.0050
2,92,-0.5866,2.2859,-0.4531,0.0050,0.0050,0.0050
2,121,-2.7346,2.7300,-0.9503,0.0050,0.0050,0.0050
2,122,-1.2081,2.0267,1.9484,0.0050,0.0050,0.0050
2,123,1.0668,-1.0263,1.1157,0.0050,0.0050,0.0050
2,137,-0.2961,0.2404,2.0531,0.0050,0.0050,0.0050
2,152,-1.0268,-1.0375,0.3819,0.0050,0.0050,0.0050
2,153,1.0225,-0.5264,4.8172,0.0050,0.0050,0.0050
2,167,2.4881,0.0091,2.0178,0.0050,0.0050,0.0050
2,181,-1.0129,-0.0544,1.1085,0.0050,0.0050,0.0050
2,197,-1.3511,-2.9329,2.1454,0.0050,0.0050,0.0050
2,213,2.0870,1.0628,1.3906,0.0050,0.0050,0.0050
2,227,-1.3919,-2.9662,3.2929,0.0050,0.0050,0.0050
2,228,1.0046,1.8893,1.7235,0.0050,0.0050,0.0050
2,241,-1.2258,-0.2510,-0.1180,0.0050,0.0050,0.0050
2,256,-0.9807,0.0280,-0.6719,0.0050,0.0050,0.0050
2,271,1.4121,1.0303,2.5842,0.0050,0.0050,0.0050
2,286,-1.5714,-0.1143,1.2940,0.0050,0.0050,0.0050
2,301,-1.0071,-0.3251,-0.0558,0.0050,0.0050,0.0050
2,302,0.8702,1.2457,0.4743,0.0050,0.0050,0.0050
2,317,-3.2923,-0.0810,1.4229,0.0050,0.0050,0.0050
2,318,0.8385,0.6977,1.3500,0.0050,0.0050,0.0050
2,331,-1.1947,0.2516,0.4317,0.0050,0.0050,0.0050
2,347,0.4014,-0.9472,-0.5646,0.0050,0.0050,0.0050
2,348,0.8436,0.4154,1.1037,0.0050,0.0050,0.0050
2,362,-3.2218,0.3361,-0.6361,0.0050,0.0050,0.0050
2,377,-0.1379,0.1703,0.1264,0.0050,0.0050,0.0050
2,392,-3.0150,-1.2344,-0.4308,0.0050,0.0050,0.0050
2,393,0.9356,0.5311,-0.1299,0.0050,0.0050,0.0050
2,406,-1.1513,-3.2123,2.4257,0.0050,0.0050,0.0050
2,407,-0.2846,-0.0814,0.5998,0.0050,0.0050,0.0050
2,421,-1.0055,-0.0029,0.9914,0.0050,0.0050,0.0050
2,422,-0.8417,-1.3736,1.0070,0.0050,0.0050,0.0050
2,423,3.2531,-2.3315,3.1191,0.0050,0.0050,0.0050
2,438,1.4160,-0.1846,1.6973,0.0050,0.0050,0.0050
2,452,-0.0903,0.4667,1.1132,0.0050,0.0050,0.0050
2,453,-0.0378,-0.3634,4.4364,0.0050,0.0050,0.0050
2,467,1.0479,-3.0945,0.3157,0.0050,0.0050,0.0050
2,468,2.9029,-0.2489,3.8882,0.0050,0.0050,0.0050
2,482,2.4063,0.7271,2.7389,0.0050,0.0050,0.0050
2,496,-1.8389,-3.1836,0.3523,0.0050,0.0050,0.0050
2,497,0.3524,-0.8929,1.6465,0.0050,0.0050,0.0050
2,498,1.2417,-0.6437,-0.6059,0.0050,0.0050,0.0050
2,512,-0.2784,-0.0201,-0.3036,0.0050,0.0050,0.0050
2,513,1.0144,0.0018,4.5392,0.0050,0.0050,0.0050
2,526,-0.5841,-3.2530,2.3611,0.0050,0.0050,0.0050
2,527,-0.1906,-3.2761,3.3099,0.0050,0.0050,0.0050
2,541,-0.3763,-0.0884,1.2947,0.0050,0.0050,0.0050
2,543,0.6843,-0.2728,0.8779,0.0050,0.0050,0.0050
2,587,-2.4530,-2.1888,2.9559,0.0050,0.0050,0.0050
2,588,1.7951,0.4461,1.6483,0.0050,0.0050,0.0050
2,601,1.6867,1.6880,1.6458,0.0050,0.0050,0.0050
2,616,-3.9128,-0.1189,3.0761,0.0050,0.0050,0.0050
2,617,0.0235,-0.0638,0.5503,0.0050,0.0050,0.0050
2,632,-1.6164,-1.0030,-1.2052,0.0050,0.0050,0.0050
2,646,-0.2378,-3.1095,2.5988,0.0050,0.0050,0.0050
2,647,1.6234,-2.2677,-0.2775,0.0050,0.0050,0.0050
2,648,0.0088,-0.4076,1.3039,0.0050,0.0050,0.0050
2,661,0.6632,-1.3462,-1.8783,0.0050,0.0050,0.0050
2,662,0.6266,-0.9490,-2.0184,0.0050,0.0050,0.0050
2,676,-0.5357,-0.1311,1.5597,0.0050,0.0050,0.0050
2,691,-0.3515,1.4812,4.3026,0.0050,0.0050,0.0050
2,692,-0.0235,0.0576,2.7660,0.0050,0.0050,0.0050
2,707,-1.2711,2.7619,2.8622,0.0050,0.0050,0.0050
2,721,-2.2671,-2.7128,-0.7979,0.0050,0.0050,0.0050
2,722,1.4751,-0.5878,-1.3555,0.0050,0.0050,0.0050
2,737,0.5739,-0.3011,0.4369,0.0050,0.0050,0.0050
2,751,-1.4594,-0.2876,0.7720,0.0050,0.0050,0.0050
2,753,-0.0644,2.0308,0.1579,0.0050,0.0050,0.0050
2,766,-3.5908,-1.7443,2.1576,0.0050,0.0050,0.0050
2,767,0.2842,0.4513,-0.4243,0.0050,0.0050,0.0050
2,782,-0.3696,-0.2138,-0.4657,0.0050,0.0050,0.0050
2,783,0.7278,0.3244,0.8710,0.0050,0.0050,0.0050
2,811,0.5847,-0.5331,1.3496,0.0050,0.0050,0.0050
2,812,-2.0585,-1.7997,1.9635,0.0050,0.0050,0.0050
2,827,-0.3036,0.1172,1.2660,0.0050,0.0050,0.0050
2,856,-1.2133,-0.6055,1.9069,0.0050,0.0050,0.0050
2,858,1.0337,0.2841,0.7225,0.0050,0.0050,0.0050
2,871,-3.0595,0.3997,3.0782,0.0050,0.0050,0.0050
2,872,-2.5171,-1.6371,2.9449,0.0050,0.0050,0.0050
2,886,-1.7227,3.1755,3.2795,0.0050,0.0050,0.0050
2,888,0.9457,-0.1372,1.2130,0.0050,0.0050,0.0050
2,917,0.3458,-1.1016,-0.7097,0.0050,0.0050,0.0050
2,918,-0.9820,0.6855,-0.6505,0.0050,0.0050,0.0050
2,931,-1.0315,1.9408,-1.0929,0.0050,0.0050,0.0050
2,932,-0.4017,-0.1497,0.4130,0.0050,0.0050,0.0050
2,933,-1.3875,0.5796,-0.5682,0.0050,0.0050,0.0050
2,947,0.3094,-0.2630,0.0742,0.0050,0.0050,0.0050
2,948,1.7625,-1.6490,0.1099,0.0050,0.0050,0.0050
2,961,-3.1383,2.2883,3.0844,0.0050,0.0050,0.0050
2,962,-0.5015,0.2233,1.5948,0.0050,0.0050,0.0050
2,977,2.3224,0.6140,2.5392,0.0050,0.0050,0.0050
2,978,4.1629,0.8127,3.1925,0.0050,0.0050,0.0050
2,1007,-1.1916,0.9882,3.4393,0.0050,0.0050,0.0050
2,1021,-0.4997,-0.7186,-0.9830,0.0050,0.0050,0.0050
2,1022,-1.3052,1.3105,0.5327,0.0050,0.0050,0.0050
2,1036,-0.5509,-0.2637,-0.1872,0.0050,0.0050,0.0050
2,1038,1.2207,-0.3277,1.1470,0.0050,0.0050,0.0050
2,1051,-1.3418,2.2059,2.0580,0.0050,0.0050,0.0050
2,1052,0.4175,-1.8795,-0.8882,0.0050,0.0050,0.0050
2,1066,1.2783,-1.7314,2.3910,0.0050,0.0050,0.0050
2,1067,-0.9332,-0.9521,2.2064,0.0050,0.0050,0.0050
2,1082,-2.0321,1.5329,2.0170,0.0050,0.0050,0.0050
2,1097,-1.7874,2.5168,2.9756,0.0050,0.0050,0.0050
2,1098,0.2673,0.3363,1.2668,0.0050,0.0050,0.0050
2,1112,0.3551,0.1357,1.2066,0.0050,0.0050,0.0050
2,1126,-0.6288,0.7826,2.4015,0.0050,0.0050,0.0050
2,1127,0.1656,0.1678,-0.2975,0.0050,0.0050,0.0050
2,1128,1.0120,-0.2599,1.3769,0.0050,0.0050,0.0050
2,1142,-0.1552,-0.3380,1.1947,0.0050,0.0050,0.0050
2,1156,-1.5644,0.5982,4.4754,0.0050,0.0050,0.0050
2,1157,-0.1866,0.4001,0.1503,0.0050,0.0050,0.0050
2,1172,-0.5424,-2.7415,0.2116,0.0050,0.0050,0.0050
2,1187,0.2680,3.2432,2.3936,0.0050,0.0050,0.0050
2,1188,2.9439,2.5685,-0.0384,0.0050,0.0050,0.0050
3,3,-0.2897,-0.4220,0.2748,0.0050,0.0050,0.0050
3,4,2.5443,2.8382,2.2872,0.0050,0.0050,0.0050
3,18,0.6789,-0.7085,-0.2877,0.0050,0.0050,0.0050
3,33,-2.1000,0.1554,-0.7412,0.0050,0.0050,0.0050
3,34,0.4832,0.0052,1.5565,0.0050,0.0050,0.0050
3,47,0.4884,1.6737,-0.0654,0.0050,0.0050,0.0050
3,49,3.3847,-2.2179,2.8293,0.0050,0.0050,0.0050
3,62,-0.2310,-3.1955,0.7062,0.0050,0.0050,0.0050
3,64,-0.9072,-1.9427,0.2641,0.0050,0.0050,0.0050
3,78,0.2308,0.0490,1.9935,0.0050,0.0050,0.0050
3,79,1.0483,0.1610,2.8025,0.0050,0.0050,0.0050
3,94,1.3915,-0.9059,2.0431,0.0050,0.0050,0.0050
3,108,-1.4447,0.9293,0.6091,0.0050,0.0050,0.0050
3,123,0.0752,-1.0336,1.1082,0.0050,0.0050,0.0050
3,137,-1.2996,0.2344,2.0555,0.0050,0.0050,0.0050
3,139,0.5434,-0.1211,0.8832,0.0050,0.0050,0.0050
3,153,0.0065,-0.5318,4.8141,0.0050,0.0050,0.0050
3,168,2.7987,-0.5303,1.5463,0.0050,0.0050,0.0050
3,183,0.2475,-0.2585,-0.6129,0.0050,0.0050,0.0050
3,197,-2.3601,-2.9359,2.1586,0.0050,0.0050,0.0050
3,198,0.1767,0.5013,0.6458,0.0050,0.0050,0.0050
3,213,1.0967,1.0536,1.3948,0.0050,0.0050,0.0050
3,228,0.0100,1.9029,1.7201,0.0050,0.0050,0.0050
3,244,-0.0912,3.0892,-0.5634,0.0050,0.0050,0.0050
3,258,0.4323,0.1094,-0.7685,0.0050,0.0050,0.0050
3,273,-2.0216,-0.9089,2.5441,0.0050,0.0050,0.0050
3,274,2.0994,3.0839,2.5583,0.0050,0.0050,0.0050
3,288,-2.0694,-2.2525,-1.1173,0.0050,0.0050,0.0050
3,318,-0.1640,0.6938,1.3466,0.0050,0.0050,0.0050
3,333,0.7857,0.8200,0.6627,0.0050,0.0050,0.0050
3,334,2.2231,2.8175,2.0609,0.0050,0.0050,0.0050
3,347,-0.5891,-0.9487,-0.5606,0.0050,0.0050,0.0050
3,348,-0.1580,0.4109,1.1029,0.0050,0.0050,0.0050
3,349,1.0069,0.1954,1.3856,0.0050,0.0050,0.0050
3,363,-0.0762,0.2190,1.2625,0.0050,0.0050,0.0050
3,379,1.6690,2.2769,0.1492,0.0050,0.0050,0.0050
3,393,-0.0747,0.5328,-0.1238,0.0050,0.0050,0.0050
3,407,-1.2882,-0.0843,0.6040,0.0050,0.0050,0.0050
3,408,-2.2026,-2.4286,2.1493,0.0050,0.0050,0.0050
3,423,2.2630,-2.3377,3.1282,0.0050,0.0050,0.0050
3,438,0.4159,-0.1875,1.6932,0.0050,0.0050,0.0050
3,439,3.1559,1.9416,-1.1635,0.0050,0.0050,0.0050
3,453,-1.0335,-0.3591,4.4376,0.0050,0.0050,0.0050
3,454,3.7162,-1.7171,-0.6279,0.0050,0.0050,0.0050
3,468,1.8909,-0.2522,3.8840,0.0050,0.0050,0.0050
3,469,0.6187,-0.4181,1.5127,0.0050,0.0050,0.0050
3,482,1.4042,0.7266,2.7314,0.0050,0.0050,0.0050
3,483,0.8421,2.0750,2.4283,0.0050,0.0050,0.0050
3,484,2.0057,0.2051,4.4235,0.0050,0.0050,0.0050
3,498,0.2460,-0.6283,-0.6027,0.0050,0.0050,0.0050
3,513,0.0146,-0.0006,4.5322,0.0050,0.0050,0.0050
3,514,2.7770,0.9865,1.7852,0.0050,0.0050,0.0050
3,527,-1.1872,-3.2863,3.3204,0.0050,0.0050,0.0050
3,528,1.4721,1.4698,1.6510,0.0050,0.0050,0.0050
3,543,-0.3153,-0.2898,0.8718,0.0050,0.0050,0.0050
3,559,0.4545,0.7716,3.3373,0.0050,0.0050,0.0050
3,574,-0.5533,1.9203,1.0963,0.0050,0.0050,0.0050
3,587,-3.4479,-2.1797,2.9427,0.0050,0.0050,0.0050
3,588,0.7935,0.4360,1.6479,0.0050,0.0050,0.0050
3,589,0.9309,0.5158,0.9280,0.0050,0.0050,0.0050
3,617,-0.9918,-0.0612,0.5491,0.0050,0.0050,0.0050
3,648,-1.0015,-0.3990,1.3088,0.0050,0.0050,0.0050
3,664,0.5230,-0.3721,0.8530,0.0050,0.0050,0.0050
3,679,-0.9227,1.5329,3.6865,0.0050,0.0050,0.0050
3,692,-1.0276,0.0616,2.7794,0.0050,0.0050,0.0050
3,694,1.2519,-0.2836,1.1096,0.0050,0.0050,0.0050
3,708,-0.8833,-3.1513,-1.0594,0.0050,0.0050,0.0050
3,709,0.7962,3.2050,3.4233,0.0050,0.0050,0.0050
3,724,0.3827,-2.2264,1.2604,0.0050,0.0050,0.0050
3,737,-0.4294,-0.3132,0.4349,0.0050,0.0050,0.0050
3,739,1.0441,0.2101,1.6903,0.0050,0.0050,0.0050
3,753,-1.0603,2.0151,0.1672,0.0050,0.0050,0.0050
3,767,-0.7192,0.4499,-0.4169,0.0050,0.0050,0.0050
3,769,1.9375,1.2977,-1.5176,0.0050,0.0050,0.0050
3,783,-0.2770,0.3300,0.8726,0.0050,0.0050,0.0050
3,798,0.6094,1.6264,2.3519,0.0050,0.0050,0.0050
3,814,0.7909,-0.1649,1.9690,0.0050,0.0050,0.0050
3,829,1.9828,-2.2633,3.9586,0.0050,0.0050,0.0050
3,858,0.0367,0.2749,0.7143,0.0050,0.0050,0.0050
3,873,-0.9743,-0.7614,1.0688,0.0050,0.0050,0.0050
3,888,-0.0652,-0.1410,1.2145,0.0050,0.0050,0.0050
3,903,-0.0123,1.4945,2.1540,0.0050,0.0050,0.0050
3,904,0.6789,-0.3833,1.0315,0.0050,0.0050,0.0050
3,918,-1.9646,0.6771,-0.6564,0.0050,0.0050,0.0050
3,919,2.7873,-2.6605,2.8704,0.0050,0.0050,0.0050
3,933,-2.3954,0.5929,-0.5759,0.0050,0.0050,0.0050
3,934,-0.0254,-1.1770,1.0087,0.0050,0.0050,0.0050
3,948,0.7755,-1.6449,0.0950,0.0050,0.0050,0.0050
3,977,1.3246,0.6138,2.5355,0.0050,0.0050,0.0050
3,978,3.1643,0.8104,3.2057,0.0050,0.0050,0.0050
3,994,0.9100,0.0032,-0.3068,0.0050,0.0050,0.0050
3,1007,-2.1913,0.9958,3.4295,0.0050,0.0050,0.0050
3,1009,0.9541,0.2066,1.6956,0.0050,0.0050,0.0050
3,1023,0.1569,0.0822,1.2743,0.0050,0.0050,0.0050
3,1024,1.0767,-0.3913,0.4256,0.0050,0.0050,0.0050
3,1038,0.2348,-0.3301,1.1427,0.0050,0.0050,0.0050
3,1052,-0.6032,-1.8622,-0.8915,0.0050,0.0050,0.0050
3,1054,3.6018,-1.1625,-0.5713,0.0050,0.0050,0.0050
3,1068,2.2642,2.3204,2.0715,0.0050,0.0050,0.0050
3,1069,0.9968,0.0366,0.9274,0.0050,0.0050,0.0050
3,1098,-0.7374,0.3277,1.2701,0.0050,0.0050,0.0050
3,1112,-0.6463,0.1413,1.1904,0.0050,0.0050,0.0050
3,1113,0.5067,-0.0075,0.6036,0.0050,0.0050,0.0050
3,1128,0.0179,-0.2526,1.3885,0.0050,0.0050,0.0050
3,1129,-0.4968,2.8334,1.9666,0.0050,0.0050,0.0050
3,1142,-1.1595,-0.3376,1.1836,0.0050,0.0050,0.0050
3,1159,4.0611,0.8329,0.2179,0.0050,0.0050,0.0050
3,1172,-1.5548,-2.7435,0.2128,0.0050,0.0050,0.0050
3,1188,1.9415,2.5580,-0.0406,0.0050,0.0050,0.0050
3,1189,2.3373,1.2967,-0.5096,0.0050,0.0050,0.0050
4,3,-1.2959,-0.4261,0.2725,0.0050,0.0050,0.0050
4,4,1.5357,2.8478,2.2899,0.0050,0.0050,0.0050
4,18,-0.3217,-0.7119,-0.2881,0.0050,0.0050,0.0050
4,34,-0.5122,0.0161,1.5647,0.0050,0.0050,0.0050
4,35,-0.9513,-2.6172,0.1032,0.0050,0.0050,0.0050
4,49,2.3955,-2.2076,2.8312,0.0050,0.0050,0.0050
4,64,-1.9137,-1.9461,0.2659,0.0050,0.0050,0.0050
4,65,0.1638,-1.5784,4.2415,0.0050,0.0050,0.0050
4,78,-0.7723,0.0517,2.0013,0.0050,0.0050,0.0050
4,79,0.0463,0.1646,2.8098,0.0050,0.0050,0.0050
4,94,0.3980,-0.9055,2.0442,0.0050,0.0050,0.0050
4,95,0.3204,1.9624,-0.2415,0.0050,0.0050,0.0050
4,108,-2.4510,0.9252,0.6085,0.0050,0.0050,0.0050
4,139,-0.4632,-0.1168,0.8895,0.0050,0.0050,0.0050
4,154,-0.1133,-0.3242,-0.6394,0.0050,0.0050,0.0050
4,168,1.8049,-0.5360,1.5425,0.0050,0.0050,0.0050
4,183,-0.7417,-0.2607,-0.6135,0.0050,0.0050,0.0050
4,198,-0.8190,0.4973,0.6466,0.0050,0.0050,0.0050
4,199,0.0848,-0.2188,0.5904,0.0050,0.0050,0.0050
4,200,0.4153,0.2232,0.3167,0.0050,0.0050,0.0050
4,230,-1.5263,-0.7660,0.9321,0.0050,0.0050,0.0050
4,244,-1.1041,3.0858,-0.5761,0.0050,0.0050,0.0050
4,258,-0.5807,0.0996,-0.7680,0.0050,0.0050,0.0050
4,259,-0.2801,2.8944,1.5466,0.0050,0.0050,0.0050
4,273,-3.0269,-0.9221,2.5528,0.0050,0.0050,0.0050
4,274,1.0968,3.0852,2.5669,0.0050,0.0050,0.0050
4,275,0.5908,-0.3128,-0.0298,0.0050,0.0050,0.0050
4,288,-3.0741,-2.2392,-1.1164,0.0050,0.0050,0.0050
4,290,0.8346,0.1566,-0.3306,0.0050,0.0050,0.0050
4,305,4.1065,0.3745,-0.1147,0.0050,0.0050,0.0050
4,319,1.1403,-2.0679,3.5846,0.0050,0.0050,0.0050
4,320,-0.4626,-0.1162,2.3955,0.0050,0.0050,0.0050
4,333,-0.2187,0.8115,0.6620,0.0050,0.0050,0.0050
4,334,1.2256,2.8199,2.0459,0.0050,0.0050,0.0050
4,349,0.0086,0.2027,1.3949,0.0050,0.0050,0.0050
4,350,-1.0821,0.8181,0.7553,0.0050,0.0050,0.0050
4,363,-1.0779,0.2139,1.2609,0.0050,0.0050,0.0050
4,364,-0.0959,-0.6654,0.5172,0.0050,0.0050,0.0050
4,365,1.0866,0.1101,0.9279,0.0050,0.0050,0.0050
4,379,0.6706,2.2796,0.1489,0.0050,0.0050,0.0050
4,380,-1.2400,2.3937,3.4373,0.0050,0.0050,0.0050
4,395,1.7145,1.2857,2.0319,0.0050,0.0050,0.0050
4,408,-3.2059,-2.4213,2.1480,0.0050,0.0050,0.0050
4,424,-0.5573,-2.4440,-1.1989,0.0050,0.0050,0.0050
4,439,2.1619,1.9445,-1.1526,0.0050,0.0050,0.0050
4,454,2.7154,-1.7158,-0.6282,0.0050,0.0050,0.0050
4,469,-0.3825,-0.4156,1.5172,0.0050,0.0050,0.0050
4,483,-0.1602,2.0640,2.4179,0.0050,0.0050,0.0050
4,484,1.0024,0.2073,4.4218,0.0050,0.0050,0.0050
4,499,3.2431,0.2726,0.7572,0.0050,0.0050,0.0050
4,500,1.0075,2.4889,3.6987,0.0050,0.0050,0.0050
4,514,1.7608,0.9875,1.7877,0.0050,0.0050,0.0050
4,528,0.4742,1.4782,1.6485,0.0050,0.0050,0.0050
4,529,-0.0544,0.2155,1.4058,0.0050,0.0050,0.0050
4,530,1.4886,0.6203,-0.3189,0.0050,0.0050,0.0050
4,559,-0.5380,0.7707,3.3579,0.0050,0.0050,0.0050
4,574,-1.5462,1.9112,1.1043,0.0050,0.0050,0.0050
4,589,-0.0581,0.5160,0.9179,0.0050,0.0050,0.0050
4,590,3.7431,-1.7217,-0.8739,0.0050,0.0050,0.0050
4,604,0.8847,-0.5498,1.0574,0.0050,0.0050,0.0050
4,619,0.0966,-0.0349,0.7359,0.0050,0.0050,0.0050
4,650,0.3852,1.6087,1.4374,0.0050,0.0050,0.0050
4,664,-0.4761,-0.3645,0.8681,0.0050,0.0050,0.0050
4,665,1.2897,-0.7718,1.2282,0.0050,0.0050,0.0050
4,679,-1.9186,1.5381,3.6895,0.0050,0.0050,0.0050
4,694,0.2554,-0.2967,1.1070,0.0050,0.0050,0.0050
4,695,0.6761,-0.1562,-0.2821,0.0050,0.0050,0.0050
4,708,-1.8884,-3.1466,-1.0569,0.0050,0.0050,0.0050
4,709,-0.2076,3.1996,3.4401,0.0050,0.0050,0.0050
4,710,1.5359,0.4828,1.4424,0.0050,0.0050,0.0050
4,724,-0.6244,-2.2165,1.2528,0.0050,0.0050,0.0050
4,725,0.8633,-0.4788,0.9416,0.0050,0.0050,0.0050
4,739,0.0470,0.2061,1.6882,0.0050,0.0050,0.0050
4,769,0.9396,1.2863,-1.5210,0.0050,0.0050,0.0050
4,770,0.9998,-0.0029,0.8325,0.0050,0.0050,0.0050
4,798,-0.4171,1.6269,2.3565,0.0050,0.0050,0.0050
4,799,1.4099,2.1576,0.7710,0.0050,0.0050,0.0050
4,814,-0.2156,-0.1603,1.9669,0.0050,0.0050,0.0050
4,829,0.9865,-2.2515,3.9586,0.0050,0.0050,0.0050
4,830,0.5673,2.2019,-1.1797,0.0050,0.0050,0.0050
4,844,0.0903,0.3105,1.0566,0.0050,0.0050,0.0050
4,859,1.2569,-1.3633,-1.7118,0.0050,0.0050,0.0050
4,873,-1.9809,-0.7659,1.0611,0.0050,0.0050,0.0050
4,874,0.8824,3.1661,-0.0933,0.0050,0.0050,0.0050
4,889,-0.5578,-3.1986,0.6188,0.0050,0.0050,0.0050
4,903,-1.0228,1.4875,2.1538,0.0050,0.0050,0.0050
4,904,-0.3216,-0.3806,1.0247,0.0050,0.0050,0.0050
4,905,0.8169,-0.0525,-0.5808,0.0050,0.0050,0.0050
4,919,1.7944,-2.6533,2.8732,0.0050,0.0050,0.0050
4,920,1.0089,-0.0143,0.6724,0.0050,0.0050,0.0050
4,934,-1.0227,-1.1790,1.0030,0.0050,0.0050,0.0050
4,949,0.5847,1.0247,-2.1150,0.0050,0.0050,0.0050
4,950,2.0491,1.4221,2.1483,0.0050,0.0050,0.0050
4,964,1.3069,-2.9552,3.1266,0.0050,0.0050,0.0050
4,994,-0.0946,0.0051,-0.3038,0.0050,0.0050,0.0050
4,1009,-0.0426,0.2056,1.6922,0.0050,0.0050,0.0050
4,1010,0.3057,-0.4957,1.9604,0.0050,0.0050,0.0050
4,1023,-0.8405,0.0890,1.2772,0.0050,0.0050,0.0050
4,1024,0.0745,-0.3928,0.4333,0.0050,0.0050,0.0050
4,1054,2.5965,-1.1608,-0.5753,0.0050,0.0050,0.0050
4,1055,0.9414,-0.3407,3.5765,0.0050,0.0050,0.0050
4,1068,1.2593,2.3189,2.0804,0.0050,0.0050,0.0050
4,1069,-0.0046,0.0392,0.9178,0.0050,0.0050,0.0050
4,1070,0.6900,2.7435,0.8389,0.0050,0.0050,0.0050
4,1085,0.6007,-0.3517,0.9502,0.0050,0.0050,0.0050
4,1113,-0.4945,-0.0112,0.6059,0.0050,0.0050,0.0050
4,1129,-1.5003,2.8432,1.9732,0.0050,0.0050,0.0050
4,1159,3.0664,0.8284,0.2289,0.0050,0.0050,0.0050
4,1160,1.2662,-0.0221,0.1645,0.0050,0.0050,0.0050
4,1174,0.3572,-2.7904,2.8324,0.0050,0.0050,0.0050
4,1175,3.9078,0.0833,1.4375,0.0050,0.0050,0.0050
4,1189,1.3336,1.2993,-0.5227,0.0050,0.0050,0.0050
5,6,-0.4864,2.4812,3.8109,0.0050,0.0050,0.0050
5,35,-1.9499,-2.6172,0.1175,0.0050,0.0050,0.0050
5,50,1.9095,1.4311,-0.8829,0.0050,0.0050,0.0050
5,65,-0.8269,-1.5844,4.2511,0.0050,0.0050,0.0050
5,66,1.5796,-3.0175,1.1555,0.0050,0.0050,0.0050
5,80,1.0444,-2.8495,3.2375,0.0050,0.0050,0.0050
5,95,-0.6696,1.9710,-0.2437,0.0050,0.0050,0.0050
5,140,-0.3128,-0.2462,0.8230,0.0050,0.0050,0.0050
5,141,1.2765,0.2364,1.6689,0.0050,0.0050,0.0050
5,154,-1.1162,-0.3230,-0.6321,0.0050,0.0050,0.0050
5,155,-2.0136,2.5599,0.7963,0.0050,0.0050,0.0050
5,171,2.3886,-2.5942,1.8547,0.0050,0.0050,0.0050
5,185,0.0557,2.1749,1.4867,0.0050,0.0050,0.0050
5,186,-2.2196,-0.3228,0.7643,0.0050,0.0050,0.0050
5,199,-0.9163,-0.2204,0.5940,0.0050,0.0050,0.0050
5,200,-0.5776,0.2157,0.3252,0.0050,0.0050,0.0050
5,215,0.7813,-0.2808,0.0245,0.0050,0.0050,0.0050
5,216,-0.9083,2.4559,3.7126,0.0050,0.0050,0.0050
5,230,-2.5260,-0.7650,0.9297,0.0050,0.0050,0.0050
5,246,0.7510,0.3447,0.6756,0.0050,0.0050,0.0050
5,259,-1.2839,2.9058,1.5353,0.0050,0.0050,0.0050
5,260,0.1070,1.6618,1.6234,0.0050,0.0050,0.0050
5,275,-0.4067,-0.3211,-0.0328,0.0050,0.0050,0.0050
5,276,0.9015,-3.2761,2.0489,0.0050,0.0050,0.0050
5,290,-0.1643,0.1639,-0.3392,0.0050,0.0050,0.0050
5,305,3.1016,0.3792,-0.1139,0.0050,0.0050,0.0050
5,319,0.1543,-2.0670,3.5840,0.0050,0.0050,0.0050
5,320,-1.4627,-0.1160,2.3967,0.0050,0.0050,0.0050
5,335,0.0614,-0.0549,-1.9588,0.0050,0.0050,0.0050
5,350,-2.0916,0.8264,0.7468,0.0050,0.0050,0.0050
5,351,1.7907,-1.6675,-1.1008,0.0050,0.0050,0.0050
5,364,-1.0931,-0.6780,0.5124,0.0050,0.0050,0.0050
5,365,0.0922,0.1115,0.9175,0.0050,0.0050,0.0050
5,380,-2.2424,2.3983,3.4423,0.0050,0.0050,0.0050
5,381,0.7059,0.1497,1.2977,0.0050,0.0050,0.0050
5,395,0.7164,1.2815,2.0248,0.0050,0.0050,0.0050
5,410,0.9597,-3.1269,1.0180,0.0050,0.0050,0.0050
5,424,-1.5506,-2.4373,-1.1879,0.0050,0.0050,0.0050
5,426,1.8206,-0.7786,2.0358,0.0050,0.0050,0.0050
5,440,-0.3559,0.1525,-0.6931,0.0050,0.0050,0.0050
5,455,-2.8920,-0.9880,3.6847,0.0050,0.0050,0.0050
5,456,3.8035,-1.0788,0.2645,0.0050,0.0050,0.0050
5,485,-0.3264,0.2638,1.2175,0.0050,0.0050,0.0050
5,499,2.2289,0.2688,0.7586,0.0050,0.0050,0.0050
5,500,0.0045,2.4807,3.7114,0.0050,0.0050,0.0050
5,501,1.0972,0.0735,1.1499,0.0050,0.0050,0.0050
5,515,-1.4363,2.7003,3.7325,0.0050,0.0050,0.0050
5,516,1.9438,-0.2011,-0.3049,0.0050,0.0050,0.0050
5,529,-1.0538,0.2134,1.4087,0.0050,0.0050,0.0050
5,530,0.5065,0.6149,-0.3179,0.0050,0.0050,0.0050
5,531,0.9903,-0.0021,2.2943,0.0050,0.0050,0.0050
5,545,-0.1051,-0.4927,0.3363,0.0050,0.0050,0.0050
5,546,0.9228,0.0255,1.3443,0.0050,0.0050,0.0050
5,561,-0.3901,-2.9739,0.8990,0.0050,0.0050,0.0050
5,575,-3.2436,0.0831,0.7661,0.0050,0.0050,0.0050
5,590,2.7454,-1.7267,-0.8754,0.0050,0.0050,0.0050
5,591,-1.4856,-0.4996,0.6140,0.0050,0.0050,0.0050
5,604,-0.1158,-0.5434,1.0520,0.0050,0.0050,0.0050
5,606,0.0551,-1.4166,-0.5293,0.0050,0.0050,0.0050
5,619,-0.8979,-0.0318,0.7496,0.0050,0.0050,0.0050
5,620,-0.9415,0.1576,1.0550,0.0050,0.0050,0.0050
5,621,0.5560,-0.8225,2.7499,0.0050,0.0050,0.0050
5,635,-0.1474,-0.1688,0.8369,0.0050,0.0050,0.0050
5,636,-0.0876,-1.2882,2.2035,0.0050,0.0050,0.0050
5,650,-0.6183,1.5974,1.4534,0.0050,0.0050,0.0050
5,665,0.2978,-0.7673,1.2338,0.0050,0.0050,0.0050
5,680,1.4784,2.7136,1.8611,0.0050,0.0050,0.0050
5,681,1.0066,-0.0138,-0.7093,0.0050,0.0050,0.0050
5,695,-0.3237,-0.1533,-0.2798,0.0050,0.0050,0.0050
5,710,0.5389,0.4695,1.4342,0.0050,0.0050,0.0050
5,711,0.5276,0.1249,0.9293,0.0050,0.0050,0.0050
5,725,-0.1348,-0.4814,0.9325,0.0050,0.0050,0.0050
5,726,0.6509,1.7496,-1.4928,0.0050,0.0050,0.0050
5,755,0.8387,0.9885,0.4169,0.0050,0.0050,0.0050
5,770,0.0060,-0.0105,0.8253,0.0050,0.0050,0.0050
5,771,2.9413,1.3518,2.5638,0.0050,0.0050,0.0050
5,785,0.4357,1.0505,0.0382,0.0050,0.0050,0.0050
5,799,0.4142,2.1523,0.7716,0.0050,0.0050,0.0050
5,801,1.2557,0.3828,0.7702,0.0050,0.0050,0.0050
5,815,-0.0329,0.0553,4.6172,0.0050,0.0050,0.0050
5,830,-0.4355,2.2019,-1.1726,0.0050,0.0050,0.0050
5,844,-0.8989,0.3089,1.0449,0.0050,0.0050,0.0050
5,845,0.0157,0.9420,-0.6097,0.0050,0.0050,0.0050
5,846,0.1782,1.6971,0.3037,0.0050,0.0050,0.0050
5,859,0.2676,-1.3588,-1.7077,0.0050,0.0050,0.0050
5,860,0.3907,0.1375,0.2984,0.0050,0.0050,0.0050
5,874,-0.1124,3.1761,-0.0964,0.0050,0.0050,0.0050
5,875,-0.1670,0.1399,1.5137,0.0050,0.0050,0.0050
5,889,-1.5644,-3.2115,0.6092,0.0050,0.0050,0.0050
5,890,3.1791,-0.8553,-0.7137,0.0050,0.0050,0.0050
5,891,0.4859,-0.0737,0.9050,0.0050,0.0050,0.0050
5,905,-0.1806,-0.0538,-0.5897,0.0050,0.0050,0.0050
5,920,0.0092,-0.0234,0.6696,0.0050,0.0050,0.0050
5,935,0.0859,-0.0621,3.6608,0.0050,0.0050,0.0050
5,949,-0.4204,1.0336,-2.1110,0.0050,0.0050,0.0050
5,950,1.0261,1.4263,2.1552,0.0050,0.0050,0.0050
5,951,2.0706,-2.0425,-1.1936,0.0050,0.0050,0.0050
5,964,0.3164,-2.9719,3.1217,0.0050,0.0050,0.0050
5,965,0.9779,1.0868,2.5512,0.0050,0.0050,0.0050
5,995,-0.9786,-0.0829,0.0390,0.0050,0.0050,0.0050
5,1010,-0.6945,-0.4998,1.9603,0.0050,0.0050,0.0050
5,1040,-1.8410,-1.6491,0.0407,0.0050,0.0050,0.0050
5,1055,-0.0598,-0.3438,3.5686,0.0050,0.0050,0.0050
5,1056,-1.7210,-1.0380,2.3673,0.0050,0.0050,0.0050
5,1070,-0.3127,2.7415,0.8249,0.0050,0.0050,0.0050
5,1085,-0.4087,-0.3598,0.9439,0.0050,0.0050,0.0050
5,1100,-0.0321,0.1332,1.5247,0.0050,0.0050,0.0050
5,1101,0.5811,-0.2841,-0.5346,0.0050,0.0050,0.0050
5,1115,-1.5047,0.3028,0.9965,0.0050,0.0050,0.0050
5,1116,-2.2726,-0.0630,0.7985,0.0050,0.0050,0.0050
5,1160,0.2635,-0.0142,0.1639,0.0050,0.0050,0.0050
5,1174,-0.6439,-2.7998,2.8373,0.0050,0.0050,0.0050
5,1175,2.9004,0.0759,1.4483,0.0050,0.0050,0.0050
5,1190,-0.8906,0.9292,1.9366,0.0050,0.0050,0.0050
6,6,-1.4735,2.4789,3.8070,0.0050,0.0050,0.0050
6,21,2.1492,0.7985,-0.0514,0.0050,0.0050,0.0050
6,36,-0.0311,-0.2187,-0.7440,0.0050,0.0050,0.0050
6,50,0.9129,1.4360,-0.8899,0.0050,0.0050,0.0050
6,66,0.5875,-3.0283,1.1496,0.0050,0.0050,0.0050
6,80,0.0430,-2.8434,3.2324,0.0050,0.0050,0.0050
6,112,-0.6156,2.6386,3.1017,0.0050,0.0050,0.0050
6,140,-1.3067,-0.2436,0.8233,0.0050,0.0050,0.0050
6,141,0.2759,0.2411,1.6632,0.0050,0.0050,0.0050
6,155,-3.0211,2.5515,0.7881,0.0050,0.0050,0.0050
6,171,1.3964,-2.5859,1.8523,0.0050,0.0050,0.0050
6,172,1.4993,0.7635,-1.5689,0.0050,0.0050,0.0050
6,185,-0.9524,2.1811,1.4866,0.0050,0.0050,0.0050
6,186,-3.2087,-0.3167,0.7531,0.0050,0.0050,0.0050
6,201,-0.7063,-2.5928,2.5579,0.0050,0.0050,0.0050
6,215,-0.2193,-0.2826,0.0272,0.0050,0.0050,0.0050
6,216,-1.9213,2.4583,3.7143,0.0050,0.0050,0.0050
6,217,1.2425,0.1939,1.1057,0.0050,0.0050,0.0050
6,246,-0.2382,0.3538,0.6674,0.0050,0.0050,0.0050
6,260,-0.8922,1.6675,1.6172,0.0050,0.0050,0.0050
6,261,-2.5968,-1.8403,1.5633,0.0050,0.0050,0.0050
6,276,-0.1098,-3.2774,2.0544,0.0050,0.0050,0.0050
6,307,0.7247,1.5170,-1.0450,0.0050,0.0050,0.0050
6,335,-0.9398,-0.0483,-1.9745,0.0050,0.0050,0.0050
6,336,0.4746,-3.2556,1.6290,0.0050,0.0050,0.0050
6,337,3.0790,1.1548,0.9391,0.0050,0.0050,0.0050
6,351,0.7936,-1.6693,-1.0917,0.0050,0.0050,0.0050
6,366,1.4896,2.9340,0.2034,0.0050,0.0050,0.0050
6,367,0.4472,1.3428,1.8067,0.0050,0.0050,0.0050
6,381,-0.2939,0.1640,1.2994,0.0050,0.0050,0.0050
6,410,-0.0378,-3.1276,1.0241,0.0050,0.0050,0.0050
6,411,1.6942,-1.6059,-0.9800,0.0050,0.0050,0.0050
6,412,-0.0021,-0.3567,1.0430,0.0050,0.0050,0.0050
6,426,0.8251,-0.7744,2.0326,0.0050,0.0050,0.0050
6,440,-1.3609,0.1615,-0.6884,0.0050,0.0050,0.0050
6,441,1.0791,-2.8672,3.0816,0.0050,0.0050,0.0050
6,455,-3.8958,-0.9818,3.6877,0.0050,0.0050,0.0050
6,456,2.8097,-1.0799,0.2681,0.0050,0.0050,0.0050
6,471,-1.4742,-2.1702,-1.4674,0.0050,0.0050,0.0050
6,472,0.9132,-0.6875,-0.6146,0.0050,0.0050,0.0050
6,485,-1.3191,0.2586,1.2069,0.0050,0.0050,0.0050
6,486,0.0140,0.0097,0.3537,0.0050,0.0050,0.0050
6,501,0.0894,0.0802,1.1377,0.0050,0.0050,0.0050
6,515,-2.4408,2.7060,3.7311,0.0050,0.0050,0.0050
6,516,0.9330,-0.2101,-0.3079,0.0050,0.0050,0.0050
6,531,-0.0019,-0.0023,2.2957,0.0050,0.0050,0.0050
6,545,-1.1060,-0.5012,0.3349,0.0050,0.0050,0.0050
6,546,-0.0771,0.0249,1.3361,0.0050,0.0050,0.0050
6,561,-1.3862,-2.9877,0.9059,0.0050,0.0050,0.0050
6,575,-4.2419,0.0765,0.7687,0.0050,0.0050,0.0050
6,591,-2.4864,-0.4880,0.6121,0.0050,0.0050,0.0050
6,606,-0.9468,-1.4279,-0.5310,0.0050,0.0050,0.0050
6,620,-1.9420,0.1551,1.0565,0.0050,0.0050,0.0050
6,621,-0.4491,-0.8142,2.7409,0.0050,0.0050,0.0050
6,622,0.5736,-0.2519,0.9875,0.0050,0.0050,0.0050
6,635,-1.1407,-0.1732,0.8398,0.0050,0.0050,0.0050
6,636,-1.0848,-1.2879,2.2146,0.0050,0.0050,0.0050
6,651,2.1427,-0.6847,2.2534,0.0050,0.0050,0.0050
6,680,0.4716,2.7140,1.8609,0.0050,0.0050,0.0050
6,681,-0.0099,-0.0081,-0.7128,0.0050,0.0050,0.0050
6,697,1.5374,1.1265,-0.0669,0.0050,0.0050,0.0050
6,711,-0.4795,0.1122,0.9338,0.0050,0.0050,0.0050
6,726,-0.3443,1.7533,-1.4827,0.0050,0.0050,0.0050
6,755,-0.1563,0.9986,0.4150,0.0050,0.0050,0.0050
6,756,-0.7985,0.0761,-0.3786,0.0050,0.0050,0.0050
6,771,1.9470,1.3532,2.5638,0.0050,0.0050,0.0050
6,785,-0.5602,1.0529,0.0353,0.0050,0.0050,0.0050
6,786,1.5566,-1.0738,2.7549,0.0050,0.0050,0.0050
6,801,0.2623,0.3785,0.7727,0.0050,0.0050,0.0050
6,802,-0.0342,3.0859,1.1635,0.0050,0.0050,0.0050
6,815,-1.0457,0.0512,4.6101,0.0050,0.0050,0.0050
6,831,-2.5308,-0.6182,3.9691,0.0050,0.0050,0.0050
6,832,0.7056,-0.2198,0.4234,0.0050,0.0050,0.0050
6,845,-0.9856,0.9460,-0.6167,0.0050,0.0050,0.0050
6,846,-0.8262,1.6913,0.2873,0.0050,0.0050,0.0050
6,847,-1.3951,-0.1261,0.5895,0.0050,0.0050,0.0050
6,860,-0.6099,0.1384,0.3044,0.0050,0.0050,0.0050
6,861,1.3997,-2.7978,0.8041,0.0050,0.0050,0.0050
6,875,-1.1687,0.1286,1.5043,0.0050,0.0050,0.0050
6,890,2.1746,-0.8512,-0.7129,0.0050,0.0050,0.0050
6,891,-0.5281,-0.0770,0.9070,0.0050,0.0050,0.0050
6,906,1.3802,-0.2159,2.0905,0.0050,0.0050,0.0050
6,935,-0.9205,-0.0627,3.6545,0.0050,0.0050,0.0050
6,936,0.1591,0.9999,0.6474,0.0050,0.0050,0.0050
6,951,1.0537,-2.0476,-1.1903,0.0050,0.0050,0.0050
6,952,2.8346,0.4013,4.1381,0.0050,0.0050,0.0050
6,965,-0.0150,1.0902,2.5445,0.0050,0.0050,0.0050
6,966,-0.6118,0.9841,1.8677,0.0050,0.0050,0.0050
6,981,-2.7885,-1.7260,2.2355,0.0050,0.0050,0.0050
6,995,-1.9869,-0.0785,0.0389,0.0050,0.0050,0.0050
6,996,-0.3060,-2.3405,-0.7761,0.0050,0.0050,0.0050
6,1011,-0.4443,-1.9753,-2.0954,0.0050,0.0050,0.0050
6,1027,2.4234,0.2772,1.4084,0.0050,0.0050,0.0050
6,1040,-2.8445,-1.6458,0.0362,0.0050,0.0050,0.0050
6,1041,-1.9300,2.0345,2.8640,0.0050,0.0050,0.0050
6,1056,-2.7004,-1.0400,2.3624,0.0050,0.0050,0.0050
6,1071,1.5734,-2.0039,2.6765,0.0050,0.0050,0.0050
6,1100,-1.0451,0.1243,1.5326,0.0050,0.0050,0.0050
6,1101,-0.4197,-0.2787,-0.5404,0.0050,0.0050,0.0050
6,1115,-2.5098,0.3144,0.9972,0.0050,0.0050,0.0050
6,1116,-3.2764,-0.0624,0.7965,0.0050,0.0050,0.0050
6,1131,1.4255,-0.4581,2.1123,0.0050,0.0050,0.0050
6,1146,0.0857,0.1431,1.2657,0.0050,0.0050,0.0050
6,1162,3.8826,-1.1888,-0.4872,0.0050,0.0050,0.0050
6,1190,-1.8971,0.9340,1.9361,0.0050,0.0050,0.0050
6,1191,0.5017,-0.1719,0.5700,0.0050,0.0050,0.0050
7,21,1.1418,0.7967,-0.0538,0.0050,0.0050,0.0050
7,22,0.0744,-0.1500,0.2938,0.0050,0.0050,0.0050
7,36,-1.0487,-0.2183,-0.7323,0.0050,0.0050,0.0050
7,37,-0.2643,-1.0815,-1.3612,0.0050,0.0050,0.0050
7,67,0.1177,2.9100,2.2472,0.0050,0.0050,0.0050
7,68,2.7001,-0.4688,0.4077,0.0050,0.0050,0.0050
7,83,1.4698,-0.7445,0.1612,0.0050,0.0050,0.0050
7,97,2.3869,-1.4617,-0.5915,0.0050,0.0050,0.0050
7,98,0.8566,0.3309,1.2895,0.0050,0.0050,0.0050
7,112,-1.6187,2.6272,3.0927,0.0050,0.0050,0.0050
7,127,1.4179,2.0384,2.1769,0.0050,0.0050,0.0050
7,142,-1.0872,1.2534,-0.8096,0.0050,0.0050,0.0050
7,143,3.5350,-0.7638,2.7934,0.0050,0.0050,0.0050
7,172,0.4968,0.7753,-1.5709,0.0050,0.0050,0.0050
7,187,-0.4202,0.3824,0.2118,0.0050,0.0050,0.0050
7,201,-1.7100,-2.5909,2.5732,0.0050,0.0050,0.0050
7,202,-1.9769,2.4254,-0.7550,0.0050,0.0050,0.0050
7,217,0.2318,0.1924,1.1113,0.0050,0.0050,0.0050
7,232,0.2564,-0.0261,1.2050,0.0050,0.0050,0.0050
7,261,-3.5961,-1.8475,1.5641,0.0050,0.0050,0.0050
7,262,-1.7486,-2.4684,0.5827,0.0050,0.0050,0.0050
7,263,1.3542,0.3049,0.7442,0.0050,0.0050,0.0050
7,277,-0.3431,0.1896,0.4716,0.0050,0.0050,0.0050
7,292,0.3769,3.0972,1.7505,0.0050,0.0050,0.0050
7,307,-0.2678,1.5262,-1.0521,0.0050,0.0050,0.0050
7,322,-2.0075,1.0254,0.7299,0.0050,0.0050,0.0050
7,336,-0.5374,-3.2562,1.6304,0.0050,0.0050,0.0050
7,337,2.0720,1.1499,0.9427,0.0050,0.0050,0.0050
7,352,-2.4394,-2.0371,2.9140,0.0050,0.0050,0.0050
7,366,0.4909,2.9141,0.2033,0.0050,0.0050,0.0050
7,367,-0.5461,1.3458,1.8036,0.0050,0.0050,0.0050
7,397,0.1703,-0.4379,0.9121,0.0050,0.0050,0.0050
7,411,0.6967,-1.6048,-0.9867,0.0050,0.0050,0.0050
7,412,-1.0050,-0.3625,1.0392,0.0050,0.0050,0.0050
7,427,-0.1393,-0.0136,0.0101,0.0050,0.0050,0.0050
7,428,-1.5928,2.0257,3.4302,0.0050,0.0050,0.0050
7,441,0.0831,-2.8624,3.0702,0.0050,0.0050,0.0050
7,442,-1.0541,-2.2393,3.7001,0.0050,0.0050,0.0050
7,471,-2.4852,-2.1749,-1.4720,0.0050,0.0050,0.0050
7,472,-0.0915,-0.6801,-0.6172,0.0050,0.0050,0.0050
7,486,-0.9845,0.0028,0.3568,0.0050,0.0050,0.0050
7,502,0.8262,-0.3885,2.1695,0.0050,0.0050,0.0050
7,517,-0.5046,-0.0009,3.1120,0.0050,0.0050,0.0050
7,518,2.7116,2.6662,0.1009,0.0050,0.0050,0.0050
7,547,-1.3913,-2.9514,1.0294,0.0050,0.0050,0.0050
7,548,2.8412,-2.2329,2.2754,0.0050,0.0050,0.0050
7,562,0.3169,0.2690,0.9818,0.0050,0.0050,0.0050
7,563,0.8210,-0.8892,1.5159,0.0050,0.0050,0.0050
7,592,-2.6518,0.8016,2.8347,0.0050,0.0050,0.0050
7,622,-0.4351,-0.2461,1.0054,0.0050,0.0050,0.0050
7,637,0.4715,-3.1329,2.9832,0.0050,0.0050,0.0050
7,638,1.1733,0.0252,4.6321,0.0050,0.0050,0.0050
7,651,1.1514,-0.6863,2.2417,0.0050,0.0050,0.0050
7,652,0.4972,2.6232,3.8378,0.0050,0.0050,0.0050
7,667,-0.7924,2.8923,3.4212,0.0050,0.0050,0.0050
7,668,1.8274,0.3751,-0.8533,0.0050,0.0050,0.0050
7,682,0.1026,-0.0144,1.9048,0.0050,0.0050,0.0050
7,683,0.5456,0.1725,0.6959,0.0050,0.0050,0.0050
7,697,0.5367,1.1302,-0.0656,0.0050,0.0050,0.0050
7,698,0.5221,0.9106,-0.7149,0.0050,0.0050,0.0050
7,712,-0.0676,0.3865,0.0276,0.0050,0.0050,0.0050
7,713,0.9024,0.6062,-0.1541,0.0050,0.0050,0.0050
7,727,1.2527,1.3399,0.0975,0.0050,0.0050,0.0050
7,728,2.7020,-2.7200,2.2374,0.0050,0.0050,0.0050
7,742,-0.0322,0.1511,1.5893,0.0050,0.0050,0.0050
7,743,-0.1569,1.1954,-0.9335,0.0050,0.0050,0.0050
7,756,-1.7835,0.0736,-0.3710,0.0050,0.0050,0.0050
7,786,0.5531,-1.0639,2.7611,0.0050,0.0050,0.0050
7,788,2.9542,1.4786,1.6580,0.0050,0.0050,0.0050
7,802,-1.0321,3.0914,1.1580,0.0050,0.0050,0.0050
7,831,-3.5404,-0.6131,3.9624,0.0050,0.0050,0.0050
7,832,-0.2913,-0.2206,0.4207,0.0050,0.0050,0.0050
7,847,-2.3911,-0.1317,0.5969,0.0050,0.0050,0.0050
7,848,-1.0561,-2.0775,2.7318,0.0050,0.0050,0.0050
7,861,0.4077,-2.7887,0.8070,0.0050,0.0050,0.0050
7,877,0.3177,0.3131,0.0210,0.0050,0.0050,0.0050
7,892,3.0630,0.7419,1.9756,0.0050,0.0050,0.0050
7,893,1.9853,2.9576,-0.5191,0.0050,0.0050,0.0050
7,906,0.3800,-0.2166,2.0848,0.0050,0.0050,0.0050
7,907,0.0257,0.0361,0.4578,0.0050,0.0050,0.0050
7,922,0.7929,0.1814,1.9927,0.0050,0.0050,0.0050
7,936,-0.8529,0.9907,0.6575,0.0050,0.0050,0.0050
7,937,-0.5311,2.3120,2.2858,0.0050,0.0050,0.0050
7,952,1.8240,0.3944,4.1487,0.0050,0.0050,0.0050
7,953,0.6680,-0.4274,0.9983,0.0050,0.0050,0.0050
7,966,-1.6106,0.9823,1.8669,0.0050,0.0050,0.0050
7,981,-3.7915,-1.7253,2.2344,0.0050,0.0050,0.0050
7,982,-0.2819,0.2036,1.1092,0.0050,0.0050,0.0050
7,996,-1.3056,-2.3514,-0.7901,0.0050,0.0050,0.0050
7,997,-0.0449,-0.4464,-0.2339,0.0050,0.0050,0.0050
7,1011,-1.4375,-1.9819,-2.0961,0.0050,0.0050,0.0050
7,1027,1.4224,0.2859,1.4152,0.0050,0.0050,0.0050
7,1041,-2.9290,2.0428,2.8573,0.0050,0.0050,0.0050
7,1042,-2.7931,-0.8621,-0.4815,0.0050,0.0050,0.0050
7,1043,0.7210,-0.5537,-0.5529,0.0050,0.0050,0.0050
7,1057,0.6715,0.9187,3.2264,0.0050,0.0050,0.0050
7,1071,0.5704,-2.0071,2.6691,0.0050,0.0050,0.0050
7,1072,1.5529,-2.7024,2.8552,0.0050,0.0050,0.0050
7,1087,1.0960,-2.9659,-1.7476,0.0050,0.0050,0.0050
7,1102,0.2061,0.7679,1.0655,0.0050,0.0050,0.0050
7,1117,2.6189,-1.1373,1.3805,0.0050,0.0050,0.0050
7,1131,0.4129,-0.4633,2.1096,0.0050,0.0050,0.0050
7,1132,-1.9467,2.2421,3.8136,0.0050,0.0050,0.0050
7,1146,-0.9138,0.1429,1.2705,0.0050,0.0050,0.0050
7,1147,0.3438,0.4031,0.7264,0.0050,0.0050,0.0050
7,1162,2.8800,-1.1852,-0.4901,0.0050,0.0050,0.0050
7,1163,1.8461,-3.1658,3.2819,0.0050,0.0050,0.0050
7,1178,-0.7315,2.2874,-0.3140,0.0050,0.0050,0.0050
7,1191,-0.4916,-0.1722,0.5678,0.0050,0.0050,0.0050
7,1192,2.6816,-1.8635,2.4878,0.0050,0.0050,0.0050
8,9,1.1053,-0.0557,1.2880,0.0050,0.0050,0.0050
8,22,-0.9210,-0.1557,0.2871,0.0050,0.0050,0.0050
8,23,-0.1195,3.2194,1.2753,0.0050,0.0050,0.0050
8,24,1.1705,0.0245,4.3079,0.0050,0.0050,0.0050
8,37,-1.2680,-1.0836,-1.3600,0.0050,0.0050,0.0050
8,38,0.0264,0.1773,-0.5647,0.0050,0.0050,0.0050
8,39,-1.0545,-2.4777,-0.3355,0.0050,0.0050,0.0050
8,53,-0.3396,-3.2714,0.1847,0.0050,0.0050,0.0050
8,67,-0.8724,2.9064,2.2493,0.0050,0.0050,0.0050
8,68,1.6950,-0.4692,0.3891,0.0050,0.0050,0.0050
8,83,0.4704,-0.7537,0.1501,0.0050,0.0050,0.0050
8,97,1.3835,-1.4548,-0.5986,0.0050,0.0050,0.0050
8,98,-0.1473,0.3340,1.2836,0.0050,0.0050,0.0050
8,99,0.5366,0.0261,-0.1185,0.0050,0.0050,0.0050
8,114,1.1896,-0.0220,1.3168,0.0050,0.0050,0.0050
8,127,0.4095,2.0402,2.1661,0.0050,0.0050,0.0050
8,128,-2.0130,0.3860,0.9273,0.0050,0.0050,0.0050
8,129,3.7614,-1.2919,-0.7462,0.0050,0.0050,0.0050
8,142,-2.0867,1.2523,-0.7973,0.0050,0.0050,0.0050
8,143,2.5325,-0.7725,2.8012,0.0050,0.0050,0.0050
8,144,0.0862,-1.8853,0.5303,0.0050,0.0050,0.0050
8,159,1.2174,0.0680,-0.2055,0.0050,0.0050,0.0050
8,174,0.9357,0.0098,-0.3599,0.0050,0.0050,0.0050
8,187,-1.4093,0.3920,0.2086,0.0050,0.0050,0.0050
8,188,2.5987,-1.4564,3.7936,0.0050,0.0050,0.0050
8,202,-2.9828,2.4296,-0.7556,0.0050,0.0050,0.0050
8,203,-0.9270,-0.5588,-1.2707,0.0050,0.0050,0.0050
8,204,-0.1951,2.9356,1.8103,0.0050,0.0050,0.0050
8,219,2.0054,1.7504,2.0326,0.0050,0.0050,0.0050
8,232,-0.7501,-0.0275,1.2072,0.0050,0.0050,0.0050
8,233,-2.4577,2.1702,2.4451,0.0050,0.0050,0.0050
8,234,-1.5143,-1.2506,1.1360,0.0050,0.0050,0.0050
8,248,-1.9091,1.1893,-0.7248,0.0050,0.0050,0.0050
8,262,-2.7524,-2.4680,0.5904,0.0050,0.0050,0.0050
8,263,0.3469,0.3059,0.7592,0.0050,0.0050,0.0050
8,277,-1.3488,0.1936,0.4818,0.0050,0.0050,0.0050
8,278,0.0438,-2.1180,0.1090,0.0050,0.0050,0.0050
8,292,-0.6312,3.1024,1.7457,0.0050,0.0050,0.0050
8,308,-2.6629,-0.2848,3.9646,0.0050,0.0050,0.0050
8,309,3.0952,-0.2933,-1.0759,0.0050,0.0050,0.0050
8,322,-3.0167,1.0339,0.7351,0.0050,0.0050,0.0050
8,324,3.6412,-1.0139,2.8840,0.0050,0.0050,0.0050
8,352,-3.4296,-2.0299,2.9074,0.0050,0.0050,0.0050
8,353,2.5199,-0.1339,1.0565,0.0050,0.0050,0.0050
8,368,3.0019,0.9587,3.6808,0.0050,0.0050,0.0050
8,369,1.1505,-1.5076,1.4613,0.0050,0.0050,0.0050
8,383,2.8589,1.5427,-1.4963,0.0050,0.0050,0.0050
8,397,-0.8265,-0.4356,0.9135,0.0050,0.0050,0.0050
8,399,-0.4159,2.8958,1.0469,0.0050,0.0050,0.0050
8,414,1.2618,0.2402,4.3405,0.0050,0.0050,0.0050
8,427,-1.1364,-0.0136,0.0184,0.0050,0.0050,0.0050
8,428,-2.5938,2.0306,3.4150,0.0050,0.0050,0.0050
8,442,-2.0531,-2.2334,3.7174,0.0050,0.0050,0.0050
8,443,-0.1897,-0.6565,-0.4802,0.0050,0.0050,0.0050
8,458,3.2302,0.5001,2.2439,0.0050,0.0050,0.0050
8,459,-2.2883,-0.0069,-1.5119,0.0050,0.0050,0.0050
8,473,-0.8409,3.0080,-1.2231,0.0050,0.0050,0.0050
8,474,3.0000,2.0467,-1.5971,0.0050,0.0050,0.0050
8,502,-0.1789,-0.3745,2.1820,0.0050,0.0050,0.0050
8,504,2.0518,-2.3143,3.7821,0.0050,0.0050,0.0050
8,517,-1.5072,0.0080,3.1055,0.0050,0.0050,0.0050
8,518,1.7224,2.6683,0.1140,0.0050,0.0050,0.0050
8,533,-0.8479,-0.6982,-0.5907,0.0050,0.0050,0.0050
8,547,-2.3842,-2.9483,1.0336,0.0050,0.0050,0.0050
8,548,1.8401,-2.2386,2.2700,0.0050,0.0050,0.0050
8,562,-0.6776,0.2733,0.9908,0.0050,0.0050,0.0050
8,563,-0.1876,-0.8976,1.5224,0.0050,0.0050,0.0050
8,564,-1.3444,-0.1960,-0.0163,0.0050,0.0050,0.0050
8,579,0.0691,-0.6811,1.9472,0.0050,0.0050,0.0050
8,592,-3.6488,0.8022,2.8380,0.0050,0.0050,0.0050
8,593,3.0305,0.5650,2.4239,0.0050,0.0050,0.0050
8,608,2.4959,1.9043,-0.5492,0.0050,0.0050,0.0050
8,609,1.1227,0.0319,1.2500,0.0050,0.0050,0.0050
8,623,2.9086,-0.1389,-1.1448,0.0050,0.0050,0.0050
8,624,2.8867,1.4577,0.9481,0.0050,0.0050,0.0050
8,637,-0.5179,-3.1382,2.9807,0.0050,0.0050,0.0050
8,638,0.1731,0.0229,4.6243,0.0050,0.0050,0.0050
8,639,4.0355,-1.0825,-1.2690,0.0050,0.0050,0.0050
8,652,-0.5121,2.6220,3.8469,0.0050,0.0050,0.0050
8,653,1.9190,2.2636,1.4644,0.0050,0.0050,0.0050
8,667,-1.7874,2.8871,3.4171,0.0050,0.0050,0.0050
8,668,0.8217,0.3638,-0.8535,0.0050,0.0050,0.0050
8,669,0.8786,-0.2475,0.5397,0.0050,0.0050,0.0050
8,682,-0.9004,-0.0098,1.9184,0.0050,0.0050,0.0050
8,683,-0.4332,0.1630,0.6939,0.0050,0.0050,0.0050
8,698,-0.4777,0.9048,-0.7098,0.0050,0.0050,0.0050
8,699,-1.7273,1.2816,3.4435,0.0050,0.0050,0.0050
8,712,-1.0536,0.3905,0.0369,0.0050,0.0050,0.0050
8,713,-0.1006,0.6076,-0.1556,0.0050,0.0050,0.0050
8,727,0.2571,1.3379,0.0973,0.0050,0.0050,0.0050
8,728,1.7150,-2.7127,2.2317,0.0050,0.0050,0.0050
8,742,-1.0369,0.1538,1.5856,0.0050,0.0050,0.0050
8,743,-1.1534,1.2036,-0.9361,0.0050,0.0050,0.0050
8,758,-3.2035,-0.2640,-1.3499,0.0050,0.0050,0.0050
8,759,-1.7001,-0.9366,0.2731,0.0050,0.0050,0.0050
8,788,1.9543,1.4720,1.6567,0.0050,0.0050,0.0050
8,789,2.7412,1.7353,-1.6458,0.0050,0.0050,0.0050
8,804,3.7112,-0.7295,-1.4513,0.0050,0.0050,0.0050
8,819,1.1876,-2.0161,-0.5826,0.0050,0.0050,0.0050
8,848,-2.0586,-2.0763,2.7489,0.0050,0.0050,0.0050
8,877,-0.6789,0.3153,0.0223,0.0050,0.0050,0.0050
8,892,2.0684,0.7453,1.9888,0.0050,0.0050,0.0050
8,893,0.9809,2.9537,-0.5166,0.0050,0.0050,0.0050
8,894,0.9961,0.0729,1.2247,0.0050,0.0050,0.0050
8,907,-0.9798,0.0350,0.4493,0.0050,0.0050,0.0050
8,908,-0.3182,0.3685,1.5131,0.0050,0.0050,0.0050
8,909,0.6647,3.2041,-0.3740,0.0050,0.0050,0.0050
8,922,-0.1993,0.1773,1.9931,0.0050,0.0050,0.0050
8,923,0.1958,0.2289,1.3852,0.0050,0.0050,0.0050
8,924,1.2683,-0.3307,-1.4771,0.0050,0.0050,0.0050
8,937,-1.5273,2.3123,2.2823,0.0050,0.0050,0.0050
8,938,-1.7043,-2.8051,-1.5583,0.0050,0.0050,0.0050
8,953,-0.3268,-0.4338,0.9894,0.0050,0.0050,0.0050
8,954,2.0372,-0.1145,4.4952,0.0050,0.0050,0.0050
8,969,0.9517,0.1042,0.3779,0.0050,0.0050,0.0050
8,982,-1.2823,0.2073,1.1071,0.0050,0.0050,0.0050
8,984,2.5040,2.6292,3.7369,0.0050,0.0050,0.0050
8,997,-1.0475,-0.4382,-0.2264,0.0050,0.0050,0.0050
8,998,0.9798,-0.1224,1.8849,0.0050,0.0050,0.0050
8,1013,0.7311,0.0948,0.7095,0.0050,0.0050,0.0050
8,1014,-0.6291,-2.0495,-1.1641,0.0050,0.0050,0.0050
8,1029,-1.3513,0.3235,2.2971,0.0050,0.0050,0.0050
8,1042,-3.7931,-0.8613,-0.4861,0.0050,0.0050,0.0050
8,1043,-0.2789,-0.5545,-0.5584,0.0050,0.0050,0.0050
8,1057,-0.3361,0.9119,3.2364,0.0050,0.0050,0.0050
8,1058,2.6414,-1.9441,0.7842,0.0050,0.0050,0.0050
8,1072,0.5536,-2.7007,2.8557,0.0050,0.0050,0.0050
8,1087,0.0915,-2.9740,-1.7439,0.0050,0.0050,0.0050
8,1102,-0.8047,0.7633,1.0641,0.0050,0.0050,0.0050
8,1103,-2.7123,-1.6500,-1.4942,0.0050,0.0050,0.0050
8,1117,1.6119,-1.1370,1.3828,0.0050,0.0050,0.0050
8,1132,-2.9627,2.2429,3.8161,0.0050,0.0050,0.0050
8,1133,0.9159,1.1065,-1.0601,0.0050,0.0050,0.0050
8,1134,0.8426,2.3334,1.1637,0.0050,0.0050,0.0050
8,1147,-0.6609,0.3941,0.7351,0.0050,0.0050,0.0050
8,1149,1.7420,-0.0768,-2.2130,0.0050,0.0050,0.0050
8,1163,0.8564,-3.1670,3.2712,0.0050,0.0050,0.0050
8,1164,3.8565,-0.5764,3.8329,0.0050,0.0050,0.0050
8,1178,-1.7449,2.2778,-0.3147,0.0050,0.0050,0.0050
8,1192,1.6922,-1.8576,2.4859,0.0050,0.0050,0.0050
8,1193,1.8766,-2.5407,0.7514,0.0050,0.0050,0.0050
9,9,0.0980,-0.0651,1.2973,0.0050,0.0050,0.0050
9,10,-1.4488,2.1503,-1.5713,0.0050,0.0050,0.0050
9,23,-1.1337,3.2144,1.2722,0.0050,0.0050,0.0050
9,24,0.1634,0.0217,4.3055,0.0050,0.0050,0.0050
9,38,-0.9677,0.1674,-0.5621,0.0050,0.0050,0.0050
9,39,-2.0545,-2.4804,-0.3385,0.0050,0.0050,0.0050
9,53,-1.3513,-3.2690,0.1860,0.0050,0.0050,0.0050
9,69,-1.0423,-1.6768,0.7307,0.0050,0.0050,0.0050
9,70,-0.9536,-1.3048,2.2664,0.0050,0.0050,0.0050
9,84,1.1583,0.5920,0.3963,0.0050,0.0050,0.0050
9,85,1.0178,0.0817,-0.7540,0.0050,0.0050,0.0050
9,99,-0.4683,0.0404,-0.1101,0.0050,0.0050,0.0050
9,100,0.8034,0.1351,1.6138,0.0050,0.0050,0.0050
9,114,0.1901,-0.0024,1.3043,0.0050,0.0050,0.0050
9,115,0.9782,0.0297,0.8649,0.0050,0.0050,0.0050
9,128,-3.0087,0.3873,0.9333,0.0050,0.0050,0.0050
9,129,2.7574,-1.2866,-0.7497,0.0050,0.0050,0.0050
9,144,-0.9099,-1.8918,0.5410,0.0050,0.0050,0.0050
9,145,1.3728,-1.0054,2.1011,0.0050,0.0050,0.0050
9,159,0.2283,0.0665,-0.1939,0.0050,0.0050,0.0050
9,174,-0.0557,0.0158,-0.3589,0.0050,0.0050,0.0050
9,188,1.5951,-1.4588,3.8022,0.0050,0.0050,0.0050
9,203,-1.9360,-0.5573,-1.2906,0.0050,0.0050,0.0050
9,204,-1.1952,2.9329,1.8152,0.0050,0.0050,0.0050
9,219,1.0095,1.7533,2.0279,0.0050,0.0050,0.0050
9,233,-3.4568,2.1734,2.4505,0.0050,0.0050,0.0050
9,234,-2.5196,-1.2498,1.1353,0.0050,0.0050,0.0050
9,248,-2.9059,1.1782,-0.7257,0.0050,0.0050,0.0050
9,250,0.5360,3.2571,0.9828,0.0050,0.0050,0.0050
9,278,-0.9483,-2.1228,0.1177,0.0050,0.0050,0.0050
9,279,0.9663,0.3921,-0.1556,0.0050,0.0050,0.0050
9,280,1.4581,-0.1896,1.0994,0.0050,0.0050,0.0050
9,294,-1.3491,1.0610,0.0068,0.0050,0.0050,0.0050
9,295,-0.2607,0.7254,0.6884,0.0050,0.0050,0.0050
9,308,-3.6619,-0.2924,3.9582,0.0050,0.0050,0.0050
9,309,2.0956,-0.2942,-1.0833,0.0050,0.0050,0.0050
9,324,2.6345,-1.0109,2.8819,0.0050,0.0050,0.0050
9,339,-1.1641,1.6859,4.1853,0.0050,0.0050,0.0050
9,353,1.5205,-0.1362,1.0517,0.0050,0.0050,0.0050
9,354,-1.2347,-1.4566,2.0526,0.0050,0.0050,0.0050
9,355,0.9312,-0.0161,1.4523,0.0050,0.0050,0.0050
9,368,2.0042,0.9702,3.6766,0.0050,0.0050,0.0050
9,369,0.1411,-1.5039,1.4674,0.0050,0.0050,0.0050
9,370,2.0709,-0.4220,-0.5400,0.0050,0.0050,0.0050
9,383,1.8691,1.5445,-1.5001,0.0050,0.0050,0.0050
9,399,-1.4104,2.8945,1.0304,0.0050,0.0050,0.0050
9,400,-0.2095,-0.2659,1.9013,0.0050,0.0050,0.0050
9,414,0.2570,0.2419,4.3430,0.0050,0.0050,0.0050
9,415,0.5345,0.7305,-0.4479,0.0050,0.0050,0.0050
9,429,-0.0057,0.0190,4.3959,0.0050,0.0050,0.0050
9,443,-1.1839,-0.6692,-0.4803,0.0050,0.0050,0.0050
9,444,-1.8290,0.6721,-0.5949,0.0050,0.0050,0.0050
9,458,2.2233,0.4933,2.2469,0.0050,0.0050,0.0050
9,459,-3.2872,0.0057,-1.5165,0.0050,0.0050,0.0050
9,460,3.6788,1.4460,3.7643,0.0050,0.0050,0.0050
9,473,-1.8381,3.0051,-1.2251,0.0050,0.0050,0.0050
9,474,1.9972,2.0550,-1.5970,0.0050,0.0050,0.0050
9,504,1.0525,-2.3270,3.7984,0.0050,0.0050,0.0050
9,505,1.8429,0.0757,-0.9594,0.0050,0.0050,0.0050
9,519,-0.0757,2.5986,0.1137,0.0050,0.0050,0.0050
9,533,-1.8366,-0.6882,-0.5757,0.0050,0.0050,0.0050
9,535,1.3396,-0.1995,1.2233,0.0050,0.0050,0.0050
9,549,0.5233,-1.6526,-0.5650,0.0050,0.0050,0.0050
9,564,-2.3552,-0.1850,-0.0116,0.0050,0.0050,0.0050
9,579,-0.9164,-0.6854,1.9510,0.0050,0.0050,0.0050
9,580,0.9914,-0.0596,0.3304,0.0050,0.0050,0.0050
9,593,2.0321,0.5639,2.4174,0.0050,0.0050,0.0050
9,594,2.1855,-1.8282,1.2582,0.0050,0.0050,0.0050
9,608,1.4943,1.9075,-0.5500,0.0050,0.0050,0.0050
9,609,0.1223,0.0260,1.2530,0.0050,0.0050,0.0050
9,610,0.8083,0.0452,4.6663,0.0050,0.0050,0.0050
9,623,1.9038,-0.1314,-1.1328,0.0050,0.0050,0.0050
9,624,1.8716,1.4506,0.9319,0.0050,0.0050,0.0050
9,639,3.0391,-1.0787,-1.2589,0.0050,0.0050,0.0050
9,653,0.9101,2.2684,1.4732,0.0050,0.0050,0.0050
9,654,-0.0078,-0.2961,0.3737,0.0050,0.0050,0.0050
9,655,0.5936,-0.5631,1.6271,0.0050,0.0050,0.0050
9,669,-0.1226,-0.2448,0.5525,0.0050,0.0050,0.0050
9,670,-0.6554,-2.7257,3.1897,0.0050,0.0050,0.0050
9,699,-2.7346,1.2960,3.4462,0.0050,0.0050,0.0050
9,700,-1.1760,1.5030,0.2073,0.0050,0.0050,0.0050
9,729,1.7666,2.6325,1.5395,0.0050,0.0050,0.0050
9,730,0.0956,2.2539,3.7213,0.0050,0.0050,0.0050
9,744,-0.4122,0.0894,0.8708,0.0050,0.0050,0.0050
9,758,-4.2041,-0.2750,-1.3556,0.0050,0.0050,0.0050
9,759,-2.7029,-0.9284,0.2787,0.0050,0.0050,0.0050
9,774,-0.4587,-0.1619,0.7429,0.0050,0.0050,0.0050
9,775,1.0455,0.5205,0.9556,0.0050,0.0050,0.0050
9,789,1.7444,1.7346,-1.6270,0.0050,0.0050,0.0050
9,804,2.7106,-0.7134,-1.4489,0.0050,0.0050,0.0050
9,819,0.1865,-2.0115,-0.5851,0.0050,0.0050,0.0050
9,834,-0.3323,-0.3160,0.2717,0.0050,0.0050,0.0050
9,894,-0.0099,0.0590,1.2263,0.0050,0.0050,0.0050
9,908,-1.3138,0.3616,1.5146,0.0050,0.0050,0.0050
9,909,-0.3398,3.1976,-0.3825,0.0050,0.0050,0.0050
9,910,1.3417,-0.4550,0.2729,0.0050,0.0050,0.0050
9,923,-0.8036,0.2408,1.3804,0.0050,0.0050,0.0050
9,924,0.2644,-0.3470,-1.4714,0.0050,0.0050,0.0050
9,925,0.8585,-0.1901,-0.6654,0.0050,0.0050,0.0050
9,938,-2.7182,-2.8097,-1.5633,0.0050,0.0050,0.0050
9,940,2.2185,-0.2585,1.4437,0.0050,0.0050,0.0050
9,954,1.0460,-0.1270,4.4931,0.0050,0.0050,0.0050
9,969,-0.0464,0.1098,0.3794,0.0050,0.0050,0.0050
9,970,2.0011,0.1370,1.9797,0.0050,0.0050,0.0050
9,984,1.4970,2.6289,3.7395,0.0050,0.0050,0.0050
9,998,-0.0249,-0.1309,1.8852,0.0050,0.0050,0.0050
9,999,-1.5321,-1.8787,3.2767,0.0050,0.0050,0.0050
9,1000,1.7947,-0.8503,2.1402,0.0050,0.0050,0.0050
9,1013,-0.2564,0.1025,0.7053,0.0050,0.0050,0.0050
9,1014,-1.6166,-2.0523,-1.1592,0.0050,0.0050,0.0050
9,1029,-2.3478,0.3317,2.3012,0.0050,0.0050,0.0050
9,1030,1.1614,0.1016,1.5314,0.0050,0.0050,0.0050
9,1045,0.2435,0.2524,4.3816,0.0050,0.0050,0.0050
9,1058,1.6509,-1.9323,0.7737,0.0050,0.0050,0.0050
9,1059,-1.7074,1.1428,2.5068,0.0050,0.0050,0.0050
9,1060,-1.7569,-1.6155,2.7452,0.0050,0.0050,0.0050
9,1089,-2.3876,-2.2509,1.1733,0.0050,0.0050,0.0050
9,1090,0.7249,-0.1424,-0.1198,0.0050,0.0050,0.0050
9,1103,-3.7105,-1.6572,-1.4969,0.0050,0.0050,0.0050
9,1105,0.7518,0.2671,0.7553,0.0050,0.0050,0.0050
9,1119,0.6808,0.7512,1.9657,0.0050,0.0050,0.0050
9,1133,-0.0913,1.0927,-1.0593,0.0050,0.0050,0.0050
9,1134,-0.1632,2.3290,1.1666,0.0050,0.0050,0.0050
9,1149,0.7449,-0.0736,-2.2001,0.0050,0.0050,0.0050
9,1164,2.8464,-0.5879,3.8320,0.0050,0.0050,0.0050
9,1165,-1.3840,0.7108,3.6280,0.0050,0.0050,0.0050
9,1180,-0.4136,2.6781,0.9850,0.0050,0.0050,0.0050
9,1193,0.8845,-2.5350,0.7496,0.0050,0.0050,0.0050
10,10,-2.4496,2.1500,-1.5740,0.0050,0.0050,0.0050
10,11,-0.2333,0.1084,0.7866,0.0050,0.0050,0.0050
10,25,1.9510,0.8533,4.1216,0.0050,0.0050,0.0050
10,56,3.9757,1.4007,0.3018,0.0050,0.0050,0.0050
10,69,-2.0496,-1.6849,0.7364,0.0050,0.0050,0.0050
10,70,-1.9570,-1.3032,2.2642,0.0050,0.0050,0.0050
10,71,3.6695,1.8526,2.8019,0.0050,0.0050,0.0050
10,84,0.1581,0.5911,0.3884,0.0050,0.0050,0.0050
10,85,0.0259,0.0970,-0.7451,0.0050,0.0050,0.0050
10,100,-0.2150,0.1193,1.6168,0.0050,0.0050,0.0050
10,115,-0.0252,0.0357,0.8808,0.0050,0.0050,0.0050
10,116,2.5448,2.1037,0.9875,0.0050,0.0050,0.0050
10,145,0.3603,-1.0045,2.1002,0.0050,0.0050,0.0050
10,161,4.0474,1.1193,1.5410,0.0050,0.0050,0.0050
10,190,-0.1911,-0.0128,0.3718,0.0050,0.0050,0.0050
10,221,0.3524,-1.1357,0.6430,0.0050,0.0050,0.0050
10,236,-1.3235,2.2855,1.9993,0.0050,0.0050,0.0050
10,250,-0.4520,3.2477,0.9807,0.0050,0.0050,0.0050
10,251,-2.2898,-0.0236,0.9011,0.0050,0.0050,0.0050
10,279,-0.0382,0.3980,-0.1361,0.0050,0.0050,0.0050
10,280,0.4612,-0.1868,1.0950,0.0050,0.0050,0.0050
10,294,-2.3473,1.0600,0.0010,0.0050,0.0050,0.0050
10,295,-1.2697,0.7255,0.6795,0.0050,0.0050,0.0050
10,310,-0.6077,1.0237,-0.9734,0.0050,0.0050,0.0050
10,311,1.7544,2.3206,1.5548,0.0050,0.0050,0.0050
10,325,-0.0036,-0.5781,4.2559,0.0050,0.0050,0.0050
10,326,4.1764,-0.8591,3.4263,0.0050,0.0050,0.0050
10,339,-2.1629,1.6980,4.1782,0.0050,0.0050,0.0050
10,354,-2.2362,-1.4553,2.0550,0.0050,0.0050,0.0050
10,355,-0.0793,-0.0231,1.4530,0.0050,0.0050,0.0050
10,370,1.0757,-0.4236,-0.5518,0.0050,0.0050,0.0050
10,371,1.1292,-0.0723,1.6553,0.0050,0.0050,0.0050
10,400,-1.2057,-0.2704,1.9019,0.0050,0.0050,0.0050
10,401,-0.5555,-2.6208,2.1271,0.0050,0.0050,0.0050
10,415,-0.4794,0.7384,-0.4509,0.0050,0.0050,0.0050
10,429,-1.0120,0.0277,4.3980,0.0050,0.0050,0.0050
10,444,-2.8354,0.6857,-0.6033,0.0050,0.0050,0.0050
10,446,1.0860,-0.4423,0.1838,0.0050,0.0050,0.0050
10,460,2.6864,1.4527,3.7696,0.0050,0.0050,0.0050
10,490,-0.3302,0.0291,1.2990,0.0050,0.0050,0.0050
10,505,0.8515,0.0703,-0.9574,0.0050,0.0050,0.0050
10,506,-0.4790,-2.8954,2.1834,0.0050,0.0050,0.0050
10,519,-1.0742,2.5888,0.1123,0.0050,0.0050,0.0050
10,520,-0.4145,-0.1293,1.0585,0.0050,0.0050,0.0050
10,521,1.3312,-0.2906,1.1615,0.0050,0.0050,0.0050
10,535,0.3334,-0.1877,1.2352,0.0050,0.0050,0.0050
10,549,-0.4703,-1.6465,-0.5459,0.0050,0.0050,0.0050
10,565,-0.7122,0.5122,3.2072,0.0050,0.0050,0.0050
10,566,1.2611,0.7237,-1.2466,0.0050,0.0050,0.0050
10,580,-0.0087,-0.0598,0.3222,0.0050,0.0050,0.0050
10,594,1.1918,-1.8355,1.2594,0.0050,0.0050,0.0050
10,596,-2.1784,-0.1949,-0.6691,0.0050,0.0050,0.0050
10,610,-0.1937,0.0536,4.6708,0.0050,0.0050,0.0050
10,625,1.2791,-0.1985,2.1209,0.0050,0.0050,0.0050
10,654,-1.0011,-0.2924,0.3621,0.0050,0.0050,0.0050
10,655,-0.4003,-0.5725,1.6298,0.0050,0.0050,0.0050
10,670,-1.6538,-2.7303,3.1782,0.0050,0.0050,0.0050
10,685,1.5698,1.2470,2.3257,0.0050,0.0050,0.0050
10,686,-1.9674,1.3293,1.0724,0.0050,0.0050,0.0050
10,700,-2.1697,1.5134,0.1934,0.0050,0.0050,0.0050
10,729,0.7686,2.6279,1.5403,0.0050,0.0050,0.0050
10,730,-0.8967,2.2592,3.7133,0.0050,0.0050,0.0050
10,731,1.0843,-0.2785,1.1479,0.0050,0.0050,0.0050
10,744,-1.4128,0.0914,0.8640,0.0050,0.0050,0.0050
10,745,3.2469,-0.1580,-0.1738,0.0050,0.0050,0.0050
10,760,0.8233,-1.1377,4.3750,0.0050,0.0050,0.0050
10,774,-1.4543,-0.1689,0.7454,0.0050,0.0050,0.0050
10,775,0.0518,0.5271,0.9471,0.0050,0.0050,0.0050
10,791,1.1703,-0.4998,0.8404,0.0050,0.0050,0.0050
10,821,-1.2890,-1.3347,-1.0207,0.0050,0.0050,0.0050
10,834,-1.3293,-0.3091,0.2764,0.0050,0.0050,0.0050
10,851,3.6141,0.1924,2.3056,0.0050,0.0050,0.0050
10,865,1.1633,2.3070,3.4911,0.0050,0.0050,0.0050
10,866,2.3560,1.0544,0.1594,0.0050,0.0050,0.0050
10,910,0.3324,-0.4573,0.2760,0.0050,0.0050,0.0050
10,925,-0.1290,-0.1855,-0.6810,0.0050,0.0050,0.0050
10,926,1.4461,-0.4250,1.8814,0.0050,0.0050,0.0050
10,940,1.2157,-0.2553,1.4519,0.0050,0.0050,0.0050
10,955,-0.0967,-0.0012,1.4890,0.0050,0.0050,0.0050
10,970,0.9966,0.1448,1.9821,0.0050,0.0050,0.0050
10,985,-0.1228,-0.2452,0.8596,0.0050,0.0050,0.0050
10,999,-2.5375,-1.8778,3.2804,0.0050,0.0050,0.0050
10,1000,0.7859,-0.8631,2.1354,0.0050,0.0050,0.0050
10,1015,1.1027,-0.8357,1.1845,0.0050,0.0050,0.0050
10,1030,0.1585,0.1058,1.5237,0.0050,0.0050,0.0050
10,1045,-0.7422,0.2616,4.3657,0.0050,0.0050,0.0050
10,1046,0.8352,0.1550,0.2233,0.0050,0.0050,0.0050
10,1059,-2.7034,1.1463,2.4991,0.0050,0.0050,0.0050
10,1060,-2.7564,-1.6082,2.7604,0.0050,0.0050,0.0050
10,1089,-3.3915,-2.2586,1.1743,0.0050,0.0050,0.0050
10,1090,-0.2813,-0.1204,-0.1101,0.0050,0.0050,0.0050
10,1091,1.1364,1.7921,2.4043,0.0050,0.0050,0.0050
10,1105,-0.2482,0.2720,0.7510,0.0050,0.0050,0.0050
10,1106,1.9398,0.7233,1.9312,0.0050,0.0050,0.0050
10,1119,-0.3124,0.7545,1.9669,0.0050,0.0050,0.0050
10,1120,-3.0131,-0.5061,0.7763,0.0050,0.0050,0.0050
10,1135,-0.1810,1.2184,0.2961,0.0050,0.0050,0.0050
10,1136,1.2842,-0.1529,-0.4186,0.0050,0.0050,0.0050
10,1151,1.1946,0.4144,1.0509,0.0050,0.0050,0.0050
10,1165,-2.3943,0.7088,3.6256,0.0050,0.0050,0.0050
10,1180,-1.4144,2.6765,0.9833,0.0050,0.0050,0.0050
10,1195,1.5102,2.5084,-0.9772,0.0050,0.0050,0.0050
10,1196,-1.2352,-1.8061,2.7408,0.0050,0.0050,0.0050
11,11,-1.2265,0.1127,0.7856,0.0050,0.0050,0.0050
11,25,0.9596,0.8614,4.1295,0.0050,0.0050,0.0050
11,26,-0.9944,0.7211,0.7081,0.0050,0.0050,0.0050
11,27,0.9180,1.0994,1.2559,0.0050,0.0050,0.0050
11,41,-0.4572,0.1540,1.1138,0.0050,0.0050,0.0050
11,56,2.9744,1.4090,0.3038,0.0050,0.0050,0.0050
11,57,-0.3265,0.4014,2.0567,0.0050,0.0050,0.0050
11,71,2.6778,1.8574,2.8047,0.0050,0.0050,0.0050
11,102,0.7278,-0.4402,1.7573,0.0050,0.0050,0.0050
11,116,1.5379,2.0954,0.9857,0.0050,0.0050,0.0050
11,131,1.1783,0.1115,2.0027,0.0050,0.0050,0.0050
11,132,2.9741,1.0574,-0.1004,0.0050,0.0050,0.0050
11,146,-0.0219,0.0262,0.6012,0.0050,0.0050,0.0050
11,147,2.4332,-2.7524,2.3752,0.0050,0.0050,0.0050
11,161,3.0485,1.1179,1.5441,0.0050,0.0050,0.0050
11,162,-0.0595,3.0406,-1.1774,0.0050,0.0050,0.0050
11,176,0.7654,-2.0191,0.4628,0.0050,0.0050,0.0050
11,190,-1.1787,-0.0121,0.3674,0.0050,0.0050,0.0050
11,192,-0.1793,-2.9137,2.0472,0.0050,0.0050,0.0050
11,221,-0.6404,-1.1289,0.6395,0.0050,0.0050,0.0050
11,236,-2.3220,2.2956,1.9982,0.0050,0.0050,0.0050
11,251,-3.2895,-0.0225,0.8907,0.0050,0.0050,0.0050
11,310,-1.6203,1.0129,-0.9727,0.0050,0.0050,0.0050
11,311,0.7605,2.3283,1.5450,0.0050,0.0050,0.0050
11,312,1.5853,0.2858,-0.8271,0.0050,0.0050,0.0050
11,325,-0.9991,-0.5774,4.2680,0.0050,0.0050,0.0050
11,326,3.1635,-0.8658,3.4209,0.0050,0.0050,0.0050
11,327,1.4799,-0.0148,-0.2395,0.0050,0.0050,0.0050
11,341,-0.7991,-3.1105,2.0589,0.0050,0.0050,0.0050
11,357,0.4935,0.3219,0.7280,0.0050,0.0050,0.0050
11,371,0.1274,-0.0718,1.6613,0.0050,0.0050,0.0050
11,386,-0.3512,0.8479,4.3845,0.0050,0.0050,0.0050
11,387,-0.9362,1.0112,4.1513,0.0050,0.0050,0.0050
11,401,-1.5570,-2.6193,2.1293,0.0050,0.0050,0.0050
11,416,-3.2776,-0.0561,1.6973,0.0050,0.0050,0.0050
11,417,4.0561,0.7594,-1.4723,0.0050,0.0050,0.0050
11,431,-1.0357,1.7740,0.1308,0.0050,0.0050,0.0050
11,446,0.0767,-0.4355,0.1820,0.0050,0.0050,0.0050
11,462,3.6259,1.4482,1.2019,0.0050,0.0050,0.0050
11,490,-1.3420,0.0259,1.3035,0.0050,0.0050,0.0050
11,492,-0.5957,-0.0653,3.9682,0.0050,0.0050,0.0050
11,506,-1.4746,-2.8964,2.1869,0.0050,0.0050,0.0050
11,520,-1.4242,-0.1230,1.0559,0.0050,0.0050,0.0050
11,521,0.3353,-0.2937,1.1694,0.0050,0.0050,0.0050
11,537,-1.0127,-1.1471,2.3549,0.0050,0.0050,0.0050
11,552,-0.8419,-2.6933,-0.5927,0.0050,0.0050,0.0050
11,565,-1.7132,0.5034,3.1934,0.0050,0.0050,0.0050
11,566,0.2505,0.7180,-1.2516,0.0050,0.0050,0.0050
11,581,1.9184,2.6133,2.6805,0.0050,0.0050,0.0050
11,596,-3.1835,-0.1960,-0.6724,0.0050,0.0050,0.0050
11,611,1.0222,1.1790,3.0875,0.0050,0.0050,0.0050
11,625,0.2800,-0.1885,2.1147,0.0050,0.0050,0.0050
11,627,2.8055,1.6150,2.4675,0.0050,0.0050,0.0050
11,641,-3.0398,1.1616,2.1262,0.0050,0.0050,0.0050
11,642,1.9348,0.3573,0.7573,0.0050,0.0050,0.0050
11,657,2.8257,-0.2950,0.0226,0.0050,0.0050,0.0050
11,672,2.3645,0.1177,-0.0903,0.0050,0.0050,0.0050
11,685,0.5720,1.2436,2.3328,0.0050,0.0050,0.0050
11,686,-2.9841,1.3274,1.0662,0.0050,0.0050,0.0050
11,687,1.4865,-0.6655,1.9923,0.0050,0.0050,0.0050
11,702,1.2456,1.0165,1.3529,0.0050,0.0050,0.0050
11,731,0.0978,-0.2776,1.1524,0.0050,0.0050,0.0050
11,732,1.0801,-1.3168,1.9475,0.0050,0.0050,0.0050
11,745,2.2454,-0.1641,-0.1823,0.0050,0.0050,0.0050
11,747,1.0895,0.0335,-0.4702,0.0050,0.0050,0.0050
11,760,-0.1719,-1.1321,4.3792,0.0050,0.0050,0.0050
11,761,-1.5819,-2.8512,1.6968,0.0050,0.0050,0.0050
11,762,1.7716,-0.7382,4.4867,0.0050,0.0050,0.0050
11,791,0.1570,-0.4952,0.8474,0.0050,0.0050,0.0050
11,807,1.0000,0.1791,-0.4404,0.0050,0.0050,0.0050
11,821,-2.2966,-1.3364,-1.0423,0.0050,0.0050,0.0050
11,837,2.5755,-2.8726,2.8206,0.0050,0.0050,0.0050
11,851,2.6179,0.1887,2.2981,0.0050,0.0050,0.0050
11,865,0.1670,2.3158,3.5087,0.0050,0.0050,0.0050
11,866,1.3497,1.0630,0.1579,0.0050,0.0050,0.0050
11,867,1.1858,-0.0854,-0.5963,0.0050,0.0050,0.0050
11,882,1.5294,-0.4956,0.8391,0.0050,0.0050,0.0050
11,926,0.4504,-0.4291,1.8786,0.0050,0.0050,0.0050
11,927,1.9663,-0.8861,-0.7232,0.0050,0.0050,0.0050
11,941,0.4737,-0.3648,2.2848,0.0050,0.0050,0.0050
11,942,1.7740,1.8497,2.1715,0.0050,0.0050,0.0050
11,955,-1.0933,-0.0066,1.4880,0.0050,0.0050,0.0050
11,956,1.5671,1.7911,2.5822,0.0050,0.0050,0.0050
11,957,-0.6752,2.7779,3.2434,0.0050,0.0050,0.0050
11,971,0.0855,0.7810,1.9209,0.0050,0.0050,0.0050
11,972,-1.3202,0.7601,0.9261,0.0050,0.0050,0.0050
11,985,-1.1199,-0.2421,0.8557,0.0050,0.0050,0.0050
11,1001,2.7783,1.1913,3.0658,0.0050,0.0050,0.0050
11,1002,0.9145,0.0899,0.9525,0.0050,0.0050,0.0050
11,1015,0.1027,-0.8443,1.1740,0.0050,0.0050,0.0050
11,1016,2.1272,0.1140,0.0400,0.0050,0.0050,0.0050
11,1032,1.4763,0.4982,-0.2082,0.0050,0.0050,0.0050
11,1046,-0.1562,0.1561,0.2179,0.0050,0.0050,0.0050
11,1062,1.3184,0.3612,0.4647,0.0050,0.0050,0.0050
11,1077,1.0908,-0.5177,0.6534,0.0050,0.0050,0.0050
11,1091,0.1352,1.7916,2.4116,0.0050,0.0050,0.0050
11,1106,0.9444,0.7280,1.9341,0.0050,0.0050,0.0050
11,1120,-4.0035,-0.5178,0.7730,0.0050,0.0050,0.0050
11,1121,0.1670,0.2446,1.3398,0.0050,0.0050,0.0050
11,1135,-1.1827,1.2284,0.2886,0.0050,0.0050,0.0050
11,1136,0.2873,-0.1615,-0.4154,0.0050,0.0050,0.0050
11,1151,0.1881,0.4258,1.0577,0.0050,0.0050,0.0050
11,1166,-0.2841,0.1562,0.9257,0.0050,0.0050,0.0050
11,1167,0.6672,-0.1757,1.2882,0.0050,0.0050,0.0050
11,1181,0.2399,2.7841,1.3725,0.0050,0.0050,0.0050
11,1195,0.5025,2.5088,-0.9764,0.0050,0.0050,0.0050
11,1196,-2.2346,-1.8080,2.7437,0.0050,0.0050,0.0050
12,13,1.2665,-0.4254,1.5488,0.0050,0.0050,0.0050
12,26,-1.9969,0.7169,0.7091,0.0050,0.0050,0.0050
12,27,-0.0933,1.0883,1.2600,0.0050,0.0050,0.0050
12,28,2.2624,2.7345,-1.1161,0.0050,0.0050,0.0050
12,41,-1.4641,0.1572,1.1067,0.0050,0.0050,0.0050
12,42,-0.1934,-0.0914,-0.2283,0.0050,0.0050,0.0050
12,57,-1.3212,0.4115,2.0582,0.0050,0.0050,0.0050
12,58,1.6612,1.0626,2.1878,0.0050,0.0050,0.0050
12,102,-0.2653,-0.4406,1.7659,0.0050,0.0050,0.0050
12,117,-0.4541,0.3470,3.8108,0.0050,0.0050,0.0050
12,118,-1.5778,0.6112,1.6868,0.0050,0.0050,0.0050
12,131,0.1873,0.1032,2.0122,0.0050,0.0050,0.0050
12,132,1.9642,1.0695,-0.0984,0.0050,0.0050,0.0050
12,146,-1.0228,0.0199,0.6027,0.0050,0.0050,0.0050
12,147,1.4355,-2.7635,2.3743,0.0050,0.0050,0.0050
12,162,-1.0622,3.0400,-1.1766,0.0050,0.0050,0.0050
12,163,-1.6990,-1.3322,-1.1709,0.0050,0.0050,0.0050
12,176,-0.2347,-2.0220,0.4666,0.0050,0.0050,0.0050
12,177,0.6579,1.4950,1.5873,0.0050,0.0050,0.0050
12,192,-1.1855,-2.9071,2.0554,0.0050,0.0050,0.0050
12,208,1.1331,-2.6103,3.9706,0.0050,0.0050,0.0050
12,222,0.3037,0.3714,0.6403,0.0050,0.0050,0.0050
12,223,-0.1164,-2.4169,0.0281,0.0050,0.0050,0.0050
12,238,1.6730,1.9436,3.2279,0.0050,0.0050,0.0050
12,267,2.2387,0.7021,1.3925,0.0050,0.0050,0.0050
12,268,-1.2051,1.2020,-0.5600,0.0050,0.0050,0.0050
12,297,2.7139,-0.0125,2.0803,0.0050,0.0050,0.0050
12,312,0.5834,0.2921,-0.8298,0.0050,0.0050,0.0050
12,327,0.4930,-0.0060,-0.2395,0.0050,0.0050,0.0050
12,341,-1.7957,-3.1025,2.0622,0.0050,0.0050,0.0050
12,342,0.7264,-1.1673,2.0837,0.0050,0.0050,0.0050
12,357,-0.4951,0.3410,0.7360,0.0050,0.0050,0.0050
12,358,1.0437,-0.0177,0.9141,0.0050,0.0050,0.0050
12,372,0.3264,-0.3978,0.2439,0.0050,0.0050,0.0050
12,373,-0.1695,0.9085,1.6672,0.0050,0.0050,0.0050
12,386,-1.3497,0.8436,4.3794,0.0050,0.0050,0.0050
12,387,-1.9402,1.0140,4.1501,0.0050,0.0050,0.0050
12,388,1.3678,0.0356,-0.6979,0.0050,0.0050,0.0050
12,402,1.3787,-2.6069,-0.3968,0.0050,0.0050,0.0050
12,416,-4.2825,-0.0479,1.6909,0.0050,0.0050,0.0050
12,417,3.0472,0.7595,-1.4770,0.0050,0.0050,0.0050
12,431,-2.0398,1.7596,0.1251,0.0050,0.0050,0.0050
12,433,1.2659,0.3085,0.8194,0.0050,0.0050,0.0050
12,448,0.0842,1.6134,0.9768,0.0050,0.0050,0.0050
12,462,2.6373,1.4436,1.1946,0.0050,0.0050,0.0050
12,492,-1.5955,-0.0655,3.9744,0.0050,0.0050,0.0050
12,493,2.3635,1.8720,-1.2667,0.0050,0.0050,0.0050
12,522,-2.9025,-0.2921,3.3697,0.0050,0.0050,0.0050
12,523,2.1113,0.2817,-0.7158,0.0050,0.0050,0.0050
12,537,-2.0086,-1.1595,2.3527,0.0050,0.0050,0.0050
12,552,-1.8471,-2.7035,-0.6001,0.0050,0.0050,0.0050
12,568,2.5841,0.9566,1.7741,0.0050,0.0050,0.0050
12,581,0.9143,2.6098,2.6746,0.0050,0.0050,0.0050
12,583,-1.7403,0.4575,1.0686,0.0050,0.0050,0.0050
12,597,-0.4834,-0.2235,0.5647,0.0050,0.0050,0.0050
12,611,0.0206,1.1891,3.1027,0.0050,0.0050,0.0050
12,612,-1.4111,-1.1245,1.4032,0.0050,0.0050,0.0050
12,613,0.7266,3.2601,3.2410,0.0050,0.0050,0.0050
12,627,1.8052,1.5960,2.4747,0.0050,0.0050,0.0050
12,628,0.6565,-0.2930,0.0873,0.0050,0.0050,0.0050
12,641,-4.0290,1.1620,2.1320,0.0050,0.0050,0.0050
12,642,0.9443,0.3512,0.7487,0.0050,0.0050,0.0050
12,657,1.8258,-0.2833,0.0134,0.0050,0.0050,0.0050
12,672,1.3680,0.1114,-0.0947,0.0050,0.0050,0.0050
12,673,3.5539,-1.8227,2.5438,0.0050,0.0050,0.0050
12,687,0.4923,-0.6650,1.9919,0.0050,0.0050,0.0050
12,702,0.2549,1.0070,1.3462,0.0050,0.0050,0.0050
12,732,0.0806,-1.3260,1.9531,0.0050,0.0050,0.0050
12,733,-0.1222,0.7421,2.1984,0.0050,0.0050,0.0050
12,747,0.0950,0.0375,-0.4707,0.0050,0.0050,0.0050
12,748,1.0372,-0.6464,-0.5355,0.0050,0.0050,0.0050
12,761,-2.5744,-2.8557,1.7005,0.0050,0.0050,0.0050
12,762,0.7692,-0.7407,4.4866,0.0050,0.0050,0.0050
12,777,1.0165,0.5855,4.9501,0.0050,0.0050,0.0050
12,793,1.5771,-0.8059,0.7843,0.0050,0.0050,0.0050
12,807,0.0086,0.1869,-0.4302,0.0050,0.0050,0.0050
12,837,1.5859,-2.8780,2.8143,0.0050,0.0050,0.0050
12,853,4.0166,-1.2866,1.5983,0.0050,0.0050,0.0050
12,867,0.1786,-0.0736,-0.6011,0.0050,0.0050,0.0050
12,882,0.5395,-0.4993,0.8423,0.0050,0.0050,0.0050
12,897,0.0526,-0.3389,1.7047,0.0050,0.0050,0.0050
12,898,3.3148,1.9735,-0.1228,0.0050,0.0050,0.0050
12,912,0.7732,-1.7653,2.6343,0.0050,0.0050,0.0050
12,927,0.9760,-0.8869,-0.7242,0.0050,0.0050,0.0050
12,928,2.1697,0.5673,3.9946,0.0050,0.0050,0.0050
12,941,-0.5220,-0.3640,2.2823,0.0050,0.0050,0.0050
12,942,0.7679,1.8510,2.1747,0.0050,0.0050,0.0050
12,956,0.5737,1.7900,2.5814,0.0050,0.0050,0.0050
12,957,-1.6705,2.7666,3.2403,0.0050,0.0050,0.0050
12,958,-1.0445,-1.7136,1.4680,0.0050,0.0050,0.0050
12,971,-0.9250,0.7900,1.9193,0.0050,0.0050,0.0050
12,972,-2.3238,0.7624,0.9241,0.0050,0.0050,0.0050
12,987,2.2973,1.0024,0.2978,0.0050,0.0050,0.0050
12,1001,1.7788,1.1951,3.0658,0.0050,0.0050,0.0050
12,1002,-0.0889,0.0924,0.9639,0.0050,0.0050,0.0050
12,1003,-0.3111,-2.6554,0.9118,0.0050,0.0050,0.0050
12,1016,1.1288,0.1164,0.0557,0.0050,0.0050,0.0050
12,1018,0.4687,-0.9380,1.3470,0.0050,0.0050,0.0050
12,1032,0.4874,0.4985,-0.2062,0.0050,0.0050,0.0050
12,1047,0.7177,-0.4497,1.0862,0.0050,0.0050,0.0050
12,1048,1.1961,-3.0540,0.9408,0.0050,0.0050,0.0050
12,1062,0.3306,0.3557,0.4590,0.0050,0.0050,0.0050
12,1077,0.0776,-0.4999,0.6598,0.0050,0.0050,0.0050
12,1093,-0.9559,2.2072,1.3092,0.0050,0.0050,0.0050
12,1107,-0.4924,3.1437,2.6440,0.0050,0.0050,0.0050
12,1108,0.5241,-0.5862,0.1171,0.0050,0.0050,0.0050
12,1121,-0.8373,0.2381,1.3464,0.0050,0.0050,0.0050
12,1138,0.7961,-0.4198,0.1588,0.0050,0.0050,0.0050
12,1166,-1.2749,0.1588,0.9314,0.0050,0.0050,0.0050
12,1167,-0.3178,-0.1723,1.2701,0.0050,0.0050,0.0050
12,1181,-0.7553,2.7772,1.3702,0.0050,0.0050,0.0050
12,1183,-0.1576,-2.1415,-1.7927,0.0050,0.0050,0.0050
13,13,0.2652,-0.4341,1.5572,0.0050,0.0050,0.0050
13,14,3.6713,1.2162,-1.8400,0.0050,0.0050,0.0050
13,28,1.2718,2.7301,-1.1043,0.0050,0.0050,0.0050
13,29,0.6699,0.3404,1.0282,0.0050,0.0050,0.0050
13,42,-1.1973,-0.0882,-0.2333,0.0050,0.0050,0.0050
13,58,0.6718,1.0620,2.1773,0.0050,0.0050,0.0050
13,59,1.0120,0.0052,4.6303,0.0050,0.0050,0.0050
13,89,-1.4812,1.0790,3.7369,0.0050,0.0050,0.0050
13,104,1.0068,-0.3837,-0.4705,0.0050,0.0050,0.0050
13,117,-1.4511,0.3490,3.8137,0.0050,0.0050,0.0050
13,118,-2.5818,0.6085,1.6771,0.0050,0.0050,0.0050
13,163,-2.6969,-1.3351,-1.1798,0.0050,0.0050,0.0050
13,164,-0.4770,-2.4813,2.1512,0.0050,0.0050,0.0050
13,177,-0.3331,1.4891,1.5907,0.0050,0.0050,0.0050
13,178,-2.9180,-0.8145,-1.7431,0.0050,0.0050,0.0050
13,193,2.7851,1.7137,-0.5734,0.0050,0.0050,0.0050
13,208,0.1356,-2.6122,3.9688,0.0050,0.0050,0.0050
13,209,1.2744,-0.3265,-0.0822,0.0050,0.0050,0.0050
13,222,-0.6987,0.3768,0.6485,0.0050,0.0050,0.0050
13,223,-1.1141,-2.4116,0.0283,0.0050,0.0050,0.0050
13,224,2.5033,2.1780,3.9568,0.0050,0.0050,0.0050
13,238,0.6689,1.9433,3.2402,0.0050,0.0050,0.0050
13,239,-0.0075,-3.1153,2.5826,0.0050,0.0050,0.0050
13,267,1.2447,0.7051,1.3849,0.0050,0.0050,0.0050
13,268,-2.2104,1.2048,-0.5601,0.0050,0.0050,0.0050
13,269,3.4263,-0.2943,2.1071,0.0050,0.0050,0.0050
13,283,-0.4702,-0.1484,-1.9010,0.0050,0.0050,0.0050
13,297,1.7111,0.0045,2.0780,0.0050,0.0050,0.0050
13,298,-0.3699,3.0627,1.9982,0.0050,0.0050,0.0050
13,329,-0.9172,2.0744,0.0942,0.0050,0.0050,0.0050
13,342,-0.2831,-1.1563,2.0853,0.0050,0.0050,0.0050
13,358,0.0411,-0.0092,0.9096,0.0050,0.0050,0.0050
13,359,0.8020,0.5874,0.7610,0.0050,0.0050,0.0050
13,372,-0.6647,-0.4053,0.2453,0.0050,0.0050,0.0050
13,373,-1.1591,0.8989,1.6600,0.0050,0.0050,0.0050
13,388,0.3666,0.0407,-0.7046,0.0050,0.0050,0.0050
13,389,1.4132,-0.1516,-0.5825,0.0050,0.0050,0.0050
13,402,0.3843,-2.6073,-0.3804,0.0050,0.0050,0.0050
13,403,-1.5536,-0.0633,0.4338,0.0050,0.0050,0.0050
13,419,1.2151,0.3472,1.3450,0.0050,0.0050,0.0050
13,433,0.2703,0.3221,0.8263,0.0050,0.0050,0.0050
13,434,1.1112,-0.1657,0.3054,0.0050,0.0050,0.0050
13,448,-0.9070,1.6141,0.9661,0.0050,0.0050,0.0050
13,449,1.1076,-0.7812,1.6428,0.0050,0.0050,0.0050
13,463,0.8052,0.9053,1.7000,0.0050,0.0050,0.0050
13,479,2.8096,1.6886,-0.0836,0.0050,0.0050,0.0050
13,493,1.3519,1.8697,-1.2645,0.0050,0.0050,0.0050
13,494,1.0275,0.0779,1.4569,0.0050,0.0050,0.0050
13,508,2.3540,1.0957,1.0248,0.0050,0.0050,0.0050
13,509,2.4205,-2.2550,-0.7710,0.0050,0.0050,0.0050
13,522,-3.9090,-0.2877,3.3692,0.0050,0.0050,0.0050
13,523,1.1166,0.2703,-0.7283,0.0050,0.0050,0.0050
13,538,-2.2694,0.5592,3.3423,0.0050,0.0050,0.0050
13,539,1.3899,0.2419,0.0676,0.0050,0.0050,0.0050
13,553,-0.1822,0.1238,0.3375,0.0050,0.0050,0.0050
13,554,1.9812,-0.9602,1.6205,0.0050,0.0050,0.0050
13,568,1.5859,0.9549,1.7711,0.0050,0.0050,0.0050
13,569,0.4454,3.2135,1.7241,0.0050,0.0050,0.0050
13,583,-2.7490,0.4614,1.0743,0.0050,0.0050,0.0050
13,597,-1.4781,-0.2287,0.5715,0.0050,0.0050,0.0050
13,598,0.6464,-0.6148,3.3011,0.0050,0.0050,0.0050
13,599,3.3079,1.9074,0.7212,0.0050,0.0050,0.0050
13,612,-2.4067,-1.1254,1.4033,0.0050,0.0050,0.0050
13,613,-0.2735,3.2485,3.2313,0.0050,0.0050,0.0050
13,614,0.9684,-0.0177,0.2507,0.0050,0.0050,0.0050
13,628,-0.3433,-0.2850,0.0824,0.0050,0.0050,0.0050
13,629,1.7314,-2.4473,1.4811,0.0050,0.0050,0.0050
13,643,0.7404,0.3642,1.7252,0.0050,0.0050,0.0050
13,658,-0.4071,2.8980,-1.3507,0.0050,0.0050,0.0050
13,673,2.5585,-1.8304,2.5436,0.0050,0.0050,0.0050
13,674,1.2712,0.1969,4.3411,0.0050,0.0050,0.0050
13,688,2.6764,0.1768,1.4854,0.0050,0.0050,0.0050
13,703,0.3294,0.3117,0.1703,0.0050,0.0050,0.0050
13,718,1.3884,0.5533,1.7311,0.0050,0.0050,0.0050
13,733,-1.1156,0.7362,2.2045,0.0050,0.0050,0.0050
13,734,0.5524,2.4528,0.1045,0.0050,0.0050,0.0050
13,748,0.0294,-0.6316,-0.5333,0.0050,0.0050,0.0050
13,763,0.4720,-0.0205,3.5100,0.0050,0.0050,0.0050
13,777,0.0185,0.5863,4.9555,0.0050,0.0050,0.0050
13,778,0.1670,-0.4633,4.5676,0.0050,0.0050,0.0050
13,793,0.5817,-0.8030,0.7791,0.0050,0.0050,0.0050
13,823,-1.6585,-1.3102,3.7779,0.0050,0.0050,0.0050
13,824,0.6692,-0.6075,-1.8626,0.0050,0.0050,0.0050
13,839,1.0329,0.0862,0.6786,0.0050,0.0050,0.0050
13,853,3.0063,-1.2945,1.5977,0.0050,0.0050,0.0050
13,868,-0.6443,1.0174,3.0953,0.0050,0.0050,0.0050
13,897,-0.9502,-0.3325,1.7132,0.0050,0.0050,0.0050
13,898,2.3088,1.9745,-0.1301,0.0050,0.0050,0.0050
13,899,1.4242,2.7405,2.8517,0.0050,0.0050,0.0050
13,912,-0.2184,-1.7628,2.6510,0.0050,0.0050,0.0050
13,914,2.3841,-0.5635,1.1904,0.0050,0.0050,0.0050
13,928,1.1749,0.5758,3.9927,0.0050,0.0050,0.0050
13,944,3.1132,2.5272,2.2837,0.0050,0.0050,0.0050
13,958,-2.0383,-1.7202,1.4647,0.0050,0.0050,0.0050
13,973,-0.2337,0.1141,1.5064,0.0050,0.0050,0.0050
13,974,-0.5700,1.3388,0.4564,0.0050,0.0050,0.0050
13,987,1.2951,0.9946,0.2828,0.0050,0.0050,0.0050
13,989,0.9226,3.1576,2.9166,0.0050,0.0050,0.0050
13,1003,-1.3152,-2.6416,0.9215,0.0050,0.0050,0.0050
13,1018,-0.5302,-0.9437,1.3403,0.0050,0.0050,0.0050
13,1033,-1.3281,-1.2566,-1.9497,0.0050,0.0050,0.0050
13,1047,-0.2850,-0.4517,1.0967,0.0050,0.0050,0.0050
13,1048,0.1950,-3.0562,0.9415,0.0050,0.0050,0.0050
13,1049,-1.4059,1.5923,2.7869,0.0050,0.0050,0.0050
13,1078,0.3014,-0.2373,0.8380,0.0050,0.0050,0.0050
13,1093,-1.9540,2.2041,1.3091,0.0050,0.0050,0.0050
13,1094,0.7479,-0.2909,1.2705,0.0050,0.0050,0.0050
13,1107,-1.4973,3.1444,2.6419,0.0050,0.0050,0.0050
13,1108,-0.4605,-0.5777,0.1291,0.0050,0.0050,0.0050
13,1109,3.1331,-0.5863,4.1249,0.0050,0.0050,0.0050
13,1138,-0.2036,-0.4129,0.1669,0.0050,0.0050,0.0050
13,1153,-0.6262,1.4774,-0.3277,0.0050,0.0050,0.0050
13,1183,-1.1626,-2.1483,-1.7972,0.0050,0.0050,0.0050
13,1184,1.3223,-0.4266,0.9577,0.0050,0.0050,0.0050
13,1199,0.7151,0.4874,2.1799,0.0050,0.0050,0.0050
14,14,2.6810,1.2070,-1.8360,0.0050,0.0050,0.0050
14,15,-0.1393,-0.2129,0.2666,0.0050,0.0050,0.0050
14,29,-0.3321,0.3357,1.0205,0.0050,0.0050,0.0050
14,45,2.3646,-0.6910,1.0066,0.0050,0.0050,0.0050
14,59,0.0252,0.0272,4.6261,0.0050,0.0050,0.0050
14,75,2.0983,-3.0070,-1.4052,0.0050,0.0050,0.0050
14,89,-2.4756,1.0880,3.7381,0.0050,0.0050,0.0050
14,104,0.0108,-0.3870,-0.4742,0.0050,0.0050,0.0050
14,105,1.3592,-2.9551,3.7517,0.0050,0.0050,0.0050
14,134,-1.0393,1.9732,-0.7222,0.0050,0.0050,0.0050
14,135,0.6276,-0.2888,0.0857,0.0050,0.0050,0.0050
14,149,0.0036,-1.6671,0.4268,0.0050,0.0050,0.0050
14,164,-1.4824,-2.4786,2.1514,0.0050,0.0050,0.0050
14,165,1.2338,-0.6860,4.3518,0.0050,0.0050,0.0050
14,178,-3.9279,-0.8175,-1.7393,0.0050,0.0050,0.0050
14,179,-1.4326,1.9752,2.0991,0.0050,0.0050,0.0050
14,180,1.3094,0.4811,3.3840,0.0050,0.0050,0.0050
14,193,1.7843,1.7166,-0.5682,0.0050,0.0050,0.0050
14,209,0.2710,-0.3259,-0.0730,0.0050,0.0050,0.0050
14,210,1.7793,0.5361,1.2497,0.0050,0.0050,0.0050
14,224,1.5064,2.1717,3.9557,0.0050,0.0050,0.0050
14,239,-1.0135,-3.1208,2.5771,0.0050,0.0050,0.0050
14,240,4.1402,-0.7705,2.9935,0.0050,0.0050,0.0050
14,254,-0.2302,1.7343,4.0792,0.0050,0.0050,0.0050
14,269,2.4225,-0.2890,2.1021,0.0050,0.0050,0.0050
14,283,-1.4744,-0.1670,-1.8988,0.0050,0.0050,0.0050
14,298,-1.3637,3.0683,1.9958,0.0050,0.0050,0.0050
14,299,-0.1184,0.0111,1.4857,0.0050,0.0050,0.0050
14,315,2.7692,-1.5307,0.7442,0.0050,0.0050,0.0050
14,329,-1.9238,2.0809,0.1016,0.0050,0.0050,0.0050
14,344,-0.0979,0.0392,0.2233,0.0050,0.0050,0.0050
14,359,-0.1910,0.5721,0.7529,0.0050,0.0050,0.0050
14,374,-0.6620,0.6545,1.7421,0.0050,0.0050,0.0050
14,375,-1.0019,-2.5465,-0.4061,0.0050,0.0050,0.0050
14,389,0.4121,-0.1494,-0.5821,0.0050,0.0050,0.0050
14,390,-0.7477,1.8517,1.7495,0.0050,0.0050,0.0050
14,403,-2.5575,-0.0634,0.4358,0.0050,0.0050,0.0050
14,404,0.4862,0.1045,4.6814,0.0050,0.0050,0.0050
14,405,1.2538,-0.1260,-0.3014,0.0050,0.0050,0.0050
14,419,0.2124,0.3609,1.3448,0.0050,0.0050,0.0050
14,434,0.1118,-0.1679,0.3099,0.0050,0.0050,0.0050
14,449,0.1127,-0.7774,1.6461,0.0050,0.0050,0.0050
14,463,-0.2052,0.8981,1.7065,0.0050,0.0050,0.0050
14,464,0.1827,0.3320,-2.2729,0.0050,0.0050,0.0050
14,465,0.6098,0.3321,0.0680,0.0050,0.0050,0.0050
14,479,1.8244,1.6975,-0.0866,0.0050,0.0050,0.0050
14,494,0.0305,0.0839,1.4591,0.0050,0.0050,0.0050
14,508,1.3622,1.1029,1.0215,0.0050,0.0050,0.0050
14,509,1.4236,-2.2493,-0.7657,0.0050,0.0050,0.0050
14,510,0.8096,-1.7552,1.9588,0.0050,0.0050,0.0050
14,538,-3.2688,0.5662,3.3510,0.0050,0.0050,0.0050
14,539,0.4023,0.2313,0.0609,0.0050,0.0050,0.0050
14,540,1.0681,0.0027,0.3896,0.0050,0.0050,0.0050
14,553,-1.1870,0.1096,0.3252,0.0050,0.0050,0.0050
14,554,0.9836,-0.9529,1.6178,0.0050,0.0050,0.0050
14,555,0.9479,-0.1088,-0.5417,0.0050,0.0050,0.0050
14,569,-0.5587,3.2161,1.7239,0.0050,0.0050,0.0050
14,570,1.7200,0.1730,1.9646,0.0050,0.0050,0.0050
14,584,-0.1579,-0.4187,0.5789,0.0050,0.0050,0.0050
14,598,-0.3496,-0.6100,3.3067,0.0050,0.0050,0.0050
14,599,2.3217,1.9156,0.7458,0.0050,0.0050,0.0050
14,614,-0.0274,-0.0195,0.2584,0.0050,0.0050,0.0050
14,615,1.7080,-1.2030,1.1608,0.0050,0.0050,0.0050
14,629,0.7385,-2.4538,1.4779,0.0050,0.0050,0.0050
14,630,1.1201,-0.4734,1.0730,0.0050,0.0050,0.0050
14,643,-0.2703,0.3648,1.7265,0.0050,0.0050,0.0050
14,645,-0.9912,0.7906,1.9188,0.0050,0.0050,0.0050
14,658,-1.4014,2.9119,-1.3602,0.0050,0.0050,0.0050
14,659,0.0883,-0.5252,0.6801,0.0050,0.0050,0.0050
14,660,0.4953,3.1346,3.0014,0.0050,0.0050,0.0050
14,674,0.2653,0.1880,4.3401,0.0050,0.0050,0.0050
14,688,1.6649,0.1751,1.4792,0.0050,0.0050,0.0050
14,690,1.9861,-2.0300,0.5671,0.0050,0.0050,0.0050
14,703,-0.6623,0.3138,0.1720,0.0050,0.0050,0.0050
14,705,1.3983,-0.1400,-0.0334,0.0050,0.0050,0.0050
14,718,0.3891,0.5571,1.7254,0.0050,0.0050,0.0050
14,719,-1.4602,-0.1956,1.3456,0.0050,0.0050,0.0050
14,720,1.5217,0.7050,-0.9289,0.0050,0.0050,0.0050
14,734,-0.4419,2.4587,0.1058,0.0050,0.0050,0.0050
14,735,-1.1604,-2.3458,3.1875,0.0050,0.0050,0.0050
14,749,0.5049,0.6838,1.6675,0.0050,0.0050,0.0050
14,763,-0.5234,-0.0224,3.5020,0.0050,0.0050,0.0050
14,764,-1.8253,-1.3615,0.1560,0.0050,0.0050,0.0050
14,778,-0.8343,-0.4623,4.5635,0.0050,0.0050,0.0050
14,795,2.5923,1.9492,0.7503,0.0050,0.0050,0.0050
14,809,-0.1925,-0.0329,1.7346,0.0050,0.0050,0.0050
14,823,-2.6497,-1.3196,3.7749,0.0050,0.0050,0.0050
14,824,-0.3322,-0.6017,-1.8583,0.0050,0.0050,0.0050
14,825,0.4141,2.3492,3.0334,0.0050,0.0050,0.0050
14,839,0.0327,0.0939,0.6815,0.0050,0.0050,0.0050
14,855,4.0290,1.1556,2.6285,0.0050,0.0050,0.0050
14,868,-1.6408,1.0084,3.0915,0.0050,0.0050,0.0050
14,884,0.6025,-2.6745,-0.0241,0.0050,0.0050,0.0050
14,899,0.4130,2.7439,2.8660,0.0050,0.0050,0.0050
14,914,1.3966,-0.5757,1.1821,0.0050,0.0050,0.0050
14,915,0.6227,-0.2036,0.8988,0.0050,0.0050,0.0050
14,930,2.0419,2.8302,1.2418,0.0050,0.0050,0.0050
14,944,2.1078,2.5189,2.2803,0.0050,0.0050,0.0050
14,945,2.6613,1.4487,2.2984,0.0050,0.0050,0.0050
14,973,-1.2418,0.1029,1.5049,0.0050,0.0050,0.0050
14,974,-1.5689,1.3416,0.4598,0.0050,0.0050,0.0050
14,989,-0.0683,3.1692,2.9201,0.0050,0.0050,0.0050
14,990,0.8060,-0.4819,-0.0009,0.0050,0.0050,0.0050
14,1019,-2.6551,-0.2163,-0.8639,0.0050,0.0050,0.0050
14,1033,-2.3345,-1.2695,-1.9497,0.0050,0.0050,0.0050
14,1034,3.2567,0.1606,-1.5205,0.0050,0.0050,0.0050
14,1049,-2.4049,1.6025,2.7876,0.0050,0.0050,0.0050
14,1050,1.0463,-0.1261,1.0614,0.0050,0.0050,0.0050
14,1065,3.2434,-2.1092,2.0062,0.0050,0.0050,0.0050
14,1078,-0.6953,-0.2347,0.8419,0.0050,0.0050,0.0050
14,1079,0.5277,-1.1220,0.9222,0.0050,0.0050,0.0050
14,1094,-0.2519,-0.2843,1.2673,0.0050,0.0050,0.0050
14,1095,3.5003,-2.0317,-0.7005,0.0050,0.0050,0.0050
14,1109,2.1318,-0.5968,4.1186,0.0050,0.0050,0.0050
14,1153,-1.6306,1.4769,-0.3317,0.0050,0.0050,0.0050
14,1154,0.2127,0.4468,0.9643,0.0050,0.0050,0.0050
14,1155,-2.0400,1.2376,2.5096,0.0050,0.0050,0.0050
14,1170,-0.4502,-2.8969,3.4475,0.0050,0.0050,0.0050
14,1184,0.3270,-0.4207,0.9562,0.0050,0.0050,0.0050
14,1199,-0.2841,0.4849,2.1717,0.0050,0.0050,0.0050
15,15,-1.1430,-0.2044,0.2721,0.0050,0.0050,0.0050
15,45,1.3697,-0.6915,1.0155,0.0050,0.0050,0.0050
15,75,1.1068,-3.0159,-1.3923,0.0050,0.0050,0.0050
15,105,0.3538,-2.9474,3.7603,0.0050,0.0050,0.0050
15,134,-2.0306,1.9755,-0.7261,0.0050,0.0050,0.0050
15,135,-0.3840,-0.2892,0.0754,0.0050,0.0050,0.0050
15,149,-0.9865,-1.6609,0.4193,0.0050,0.0050,0.0050
15,165,0.2313,-0.6887,4.3417,0.0050,0.0050,0.0050
15,179,-2.4435,1.9897,2.0979,0.0050,0.0050,0.0050
15,180,0.2996,0.4809,3.3874,0.0050,0.0050,0.0050
15,210,0.7792,0.5516,1.2462,0.0050,0.0050,0.0050
15,240,3.1452,-0.7725,2.9941,0.0050,0.0050,0.0050
15,254,-1.2244,1.7315,4.0731,0.0050,0.0050,0.0050
15,299,-1.1235,0.0173,1.4747,0.0050,0.0050,0.0050
15,315,1.7806,-1.5357,0.7516,0.0050,0.0050,0.0050
15,344,-1.1042,0.0542,0.2175,0.0050,0.0050,0.0050
15,374,-1.6533,0.6680,1.7358,0.0050,0.0050,0.0050
15,375,-2.0032,-2.5447,-0.3982,0.0050,0.0050,0.0050
15,390,-1.7615,1.8515,1.7455,0.0050,0.0050,0.0050
15,404,-0.5157,0.1048,4.6793,0.0050,0.0050,0.0050
15,405,0.2573,-0.1243,-0.2952,0.0050,0.0050,0.0050
15,464,-0.8223,0.3327,-2.2731,0.0050,0.0050,0.0050
15,465,-0.3880,0.3308,0.0559,0.0050,0.0050,0.0050
15,510,-0.1863,-1.7601,1.9603,0.0050,0.0050,0.0050
15,540,0.0636,0.0070,0.3866,0.0050,0.0050,0.0050
15,555,-0.0594,-0.1066,-0.5466,0.0050,0.0050,0.0050
15,570,0.7160,0.1737,1.9466,0.0050,0.0050,0.0050
15,584,-1.1705,-0.4158,0.5791,0.0050,0.0050,0.0050
15,615,0.7084,-1.1870,1.1743,0.0050,0.0050,0.0050
15,630,0.1224,-0.4802,1.0708,0.0050,0.0050,0.0050
15,645,-1.9916,0.7985,1.9053,0.0050,0.0050,0.0050
15,659,-0.9209,-0.5273,0.6830,0.0050,0.0050,0.0050
15,660,-0.5047,3.1294,2.9915,0.0050,0.0050,0.0050
15,690,0.9933,-2.0291,0.5741,0.0050,0.0050,0.0050
15,705,0.3907,-0.1368,-0.0373,0.0050,0.0050,0.0050
15,719,-2.4604,-0.1896,1.3448,0.0050,0.0050,0.0050
15,720,0.5259,0.7055,-0.9283,0.0050,0.0050,0.0050
15,735,-2.1482,-2.3502,3.1811,0.0050,0.0050,0.0050
15,749,-0.5033,0.6815,1.6694,0.0050,0.0050,0.0050
15,764,-2.8294,-1.3657,0.1503,0.0050,0.0050,0.0050
15,795,1.6006,1.9540,0.7481,0.0050,0.0050,0.0050
15,809,-1.1964,-0.0220,1.7425,0.0050,0.0050,0.0050
15,825,-0.5904,2.3680,3.0295,0.0050,0.0050,0.0050
15,855,3.0270,1.1568,2.6235,0.0050,0.0050,0.0050
15,884,-0.3920,-2.6745,-0.0272,0.0050,0.0050,0.0050
15,915,-0.3744,-0.2068,0.9092,0.0050,0.0050,0.0050
15,930,1.0440,2.8392,1.2355,0.0050,0.0050,0.0050
15,945,1.6691,1.4428,2.3068,0.0050,0.0050,0.0050
15,990,-0.1923,-0.4779,0.0003,0.0050,0.0050,0.0050
15,1019,-3.6462,-0.2270,-0.8549,0.0050,0.0050,0.0050
15,1034,2.2636,0.1680,-1.5120,0.0050,0.0050,0.0050
15,1050,0.0436,-0.1323,1.0609,0.0050,0.0050,0.0050
15,1065,2.2422,-2.1012,2.0058,0.0050,0.0050,0.0050
15,1079,-0.4634,-1.1116,0.9168,0.0050,0.0050,0.0050
15,1095,2.4849,-2.0329,-0.6954,0.0050,0.0050,0.0050
15,1154,-0.7833,0.4449,0.9641,0.0050,0.0050,0.0050
15,1155,-3.0377,1.2313,2.5100,0.0050,0.0050,0.0050
15,1170,-1.4526,-2.8973,3.4490,0.0050,0.0050,0.0050
