pose_id,feature_id,x,y,z,sigma_x,sigma_y,sigma_z
1,6,2.6600,-1.2778,2.7144,0.0030,0.0030,0.0030
1,7,0.2262,-0.0768,1.7842,0.0030,0.0030,0.0030
1,11,2.5381,0.0885,2.5767,0.0030,0.0030,0.0030
1,21,-1.9595,-1.9372,2.8437,0.0030,0.0030,0.0030
1,31,1.1810,2.2417,2.1640,0.0030,0.0030,0.0030
1,36,2.5689,0.6594,-0.3077,0.0030,0.0030,0.0030
1,41,2.4099,1.0709,1.1428,0.0030,0.0030,0.0030
1,46,-0.6672,2.4619,-0.7302,0.0030,0.0030,0.0030
1,47,3.3280,2.1171,2.5000,0.0030,0.0030,0.0030
1,57,5.3047,0.5540,-0.3491,0.0030,0.0030,0.0030
1,61,-0.2502,-2.6672,2.1906,0.0030,0.0030,0.0030
1,62,0.3126,0.1754,2.7636,0.0030,0.0030,0.0030
1,66,1.0389,-2.4238,1.3222,0.0030,0.0030,0.0030
1,67,5.2292,-2.6053,2.3850,0.0030,0.0030,0.0030
1,77,0.7099,-0.0403,-1.0874,0.0030,0.0030,0.0030
1,86,-1.4843,-2.4675,2.8326,0.0030,0.0030,0.0030
1,91,-1.9125,1.9471,0.5160,0.0030,0.0030,0.0030
1,92,4.6481,1.7639,-0.7478,0.0030,0.0030,0.0030
1,102,2.6376,2.2044,2.5951,0.0030,0.0030,0.0030
1,106,2.8157,0.0302,1.9520,0.0030,0.0030,0.0030
1,107,1.8675,-3.0345,-0.7359,0.0030,0.0030,0.0030
1,112,5.8213,-0.3672,0.6139,0.0030,0.0030,0.0030
1,116,-2.8702,-0.6465,2.9453,0.0030,0.0030,0.0030
1,122,1.5041,1.3519,-1.5172,0.0030,0.0030,0.0030
1,132,2.1268,-3.1329,0.4744,0.0030,0.0030,0.0030
1,136,-2.9226,0.2428,-0.0437,0.0030,0.0030,0.0030
1,141,-1.2521,2.4974,2.7400,0.0030,0.0030,0.0030
1,146,0.4834,2.7725,2.0197,0.0030,0.0030,0.0030
1,152,0.8685,-2.5853,-0.4121,0.0030,0.0030,0.0030
1,156,1.5375,2.3056,-0.5912,0.0030,0.0030,0.0030
1,161,0.2800,2.6553,2.3216,0.0030,0.0030,0.0030
1,162,1.1049,1.0898,2.3420,0.0030,0.0030,0.0030
1,182,5.8114,-0.8723,-0.2538,0.0030,0.0030,0.0030
1,187,0.9427,-2.4163,0.4122,0.0030,0.0030,0.0030
1,191,2.9258,-0.4065,-0.2335,0.0030,0.0030,0.0030
1,192,5.6746,0.3945,-0.1570,0.0030,0.0030,0.0030
1,201,-2.7001,0.1959,-0.5232,0.0030,0.0030,0.0030
1,216,-2.9459,-0.0956,0.1798,0.0030,0.0030,0.0030
1,217,3.3774,-3.2093,2.0517,0.0030,0.0030,0.0030
1,221,1.3118,2.0926,2.5629,0.0030,0.0030,0.0030
1,222,0.6127,-0.8560,2.3155,0.0030,0.0030,0.0030
1,226,1.5503,-2.4633,-0.2145,0.0030,0.0030,0.0030
1,227,1.2986,-2.6287,2.4580,0.0030,0.0030,0.0030
1,232,4.9028,-2.5226,1.9196,0.0030,0.0030,0.0030
1,246,-2.5049,0.4349,1.8889,0.0030,0.0030,0.0030
1,247,1.2377,1.1427,1.5475,0.0030,0.0030,0.0030
1,251,-0.5405,2.4558,-1.3596,0.0030,0.0030,0.0030
1,252,5.0873,-2.2474,2.2137,0.0030,0.0030,0.0030
1,262,3.9516,1.7827,2.6193,0.0030,0.0030,0.0030
1,276,-2.9080,0.3581,-0.7731,0.0030,0.0030,0.0030
1,277,2.1631,-3.3374,2.5098,0.0030,0.0030,0.0030
1,282,5.5092,0.4000,-0.0883,0.0030,0.0030,0.0030
1,286,0.5348,2.8204,2.0236,0.0030,0.0030,0.0030
1,287,2.4674,2.1142,2.3889,0.0030,0.0030,0.0030
1,297,1.1919,-2.5145,1.9731,0.0030,0.0030,0.0030
1,316,1.9666,-1.7443,1.3759,0.0030,0.0030,0.0030
1,321,2.5703,-0.5594,1.5786,0.0030,0.0030,0.0030
1,327,1.9156,-3.1314,-1.0696,0.0030,0.0030,0.0030
1,331,2.5959,-1.1743,-0.9841,0.0030,0.0030,0.0030
1,337,2.5413,1.8420,2.2441,0.0030,0.0030,0.0030
1,341,-0.3061,-2.4301,1.1409,0.0030,0.0030,0.0030
1,342,4.0287,-3.3105,-1.2598,0.0030,0.0030,0.0030
1,346,-1.9750,-1.7610,-1.3208,0.0030,0.0030,0.0030
1,356,-2.6888,-0.0126,2.3673,0.0030,0.0030,0.0030
1,367,1.3071,1.5866,-1.3576,0.0030,0.0030,0.0030
1,376,1.4014,2.2124,2.6154,0.0030,0.0030,0.0030
1,382,5.6299,-1.9323,2.3386,0.0030,0.0030,0.0030
1,391,-2.7180,0.2420,-1.1498,0.0030,0.0030,0.0030
1,397,5.3441,-2.0572,2.6524,0.0030,0.0030,0.0030
2,2,0.3512,2.6737,2.6164,0.0030,0.0030,0.0030
2,6,0.7579,-0.0208,2.8346,0.0030,0.0030,0.0030
2,7,1.1321,-2.7204,1.9376,0.0030,0.0030,0.0030
2,8,-3.8107,2.0882,2.2615,0.0030,0.0030,0.0030
2,11,-0.3041,-0.8863,2.7096,0.0030,0.0030,0.0030
2,12,1.3797,2.6153,2.3410,0.0030,0.0030,0.0030
2,15,-1.4772,1.8449,2.1690,0.0030,0.0030,0.0030
2,18,-0.9570,-0.3124,0.0507,0.0030,0.0030,0.0030
2,21,3.8867,-3.4779,3.0025,0.0030,0.0030,0.0030
2,22,2.8129,-0.6620,-0.5901,0.0030,0.0030,0.0030
2,23,-2.4053,5.0433,2.0649,0.0030,0.0030,0.0030
2,25,-3.2079,-3.4550,2.1338,0.0030,0.0030,0.0030
2,27,-2.2409,1.6424,-1.1287,0.0030,0.0030,0.0030
2,31,-1.3302,-3.2168,2.3212,0.0030,0.0030,0.0030
2,33,0.8690,4.3674,-0.3828,0.0030,0.0030,0.0030
2,35,-1.7294,1.6752,1.7506,0.0030,0.0030,0.0030
2,36,-0.8017,-1.2129,-0.1687,0.0030,0.0030,0.0030
2,38,-1.7073,5.3631,-0.7676,0.0030,0.0030,0.0030
2,40,-3.7712,-2.7050,2.3551,0.0030,0.0030,0.0030
2,41,-1.0431,-1.5582,1.2817,0.0030,0.0030,0.0030
2,42,-0.5574,-2.7737,1.2119,0.0030,0.0030,0.0030
2,43,-0.2928,0.0011,-0.7755,0.0030,0.0030,0.0030
2,45,-0.0959,-2.3116,1.6257,0.0030,0.0030,0.0030
2,46,-0.4714,-4.9059,-0.5510,0.0030,0.0030,0.0030
2,47,-2.4343,-1.3576,2.6355,0.0030,0.0030,0.0030
2,52,2.0514,2.1280,1.0624,0.0030,0.0030,0.0030
2,53,0.5651,4.7887,0.4048,0.0030,0.0030,0.0030
2,57,-2.2409,1.1136,-0.2473,0.0030,0.0030,0.0030
2,61,3.5452,-1.6538,2.3337,0.0030,0.0030,0.0030
2,62,0.8672,-2.7760,2.9239,0.0030,0.0030,0.0030
2,63,-3.7189,1.1546,-0.0556,0.0030,0.0030,0.0030
2,66,2.6207,-0.7363,1.4500,0.0030,0.0030,0.0030
2,67,0.4257,2.8504,2.4695,0.0030,0.0030,0.0030
2,68,-3.8388,3.6333,-0.8238,0.0030,0.0030,0.0030
2,70,0.4327,-0.2480,-0.3753,0.0030,0.0030,0.0030
2,72,1.6568,2.1782,1.2392,0.0030,0.0030,0.0030
2,77,0.8176,-2.3749,-0.9400,0.0030,0.0030,0.0030
2,78,-0.0387,0.3635,-0.0904,0.0030,0.0030,0.0030
2,80,-4.8815,-0.6256,2.2121,0.0030,0.0030,0.0030
2,82,1.5670,2.3416,2.1134,0.0030,0.0030,0.0030
2,85,-2.2594,-3.5210,2.9521,0.0030,0.0030,0.0030
2,86,4.0621,-2.7906,2.9909,0.0030,0.0030,0.0030
2,87,1.8580,2.0249,-1.1946,0.0030,0.0030,0.0030
2,91,0.6442,-5.6356,0.7015,0.0030,0.0030,0.0030
2,92,-2.8753,-0.1208,-0.6292,0.0030,0.0030,0.0030
2,97,1.8436,2.2314,2.9394,0.0030,0.0030,0.0030
2,100,0.0465,-2.4167,3.0227,0.0030,0.0030,0.0030
2,102,-2.1160,-1.9857,2.7457,0.0030,0.0030,0.0030
2,106,-0.4074,-0.6299,2.0823,0.0030,0.0030,0.0030
2,107,2.6616,0.2643,-0.6205,0.0030,0.0030,0.0030
2,112,-1.7659,2.0716,0.7043,0.0030,0.0030,0.0030
2,113,-1.3752,5.4141,0.3398,0.0030,0.0030,0.0030
2,115,0.1892,-2.3576,-1.3036,0.0030,0.0030,0.0030
2,116,3.3346,-4.9584,3.1216,0.0030,0.0030,0.0030
2,117,-1.0476,-2.4427,1.8343,0.0030,0.0030,0.0030
2,120,-3.3060,-3.2910,-0.9486,0.0030,0.0030,0.0030
2,122,-0.7747,-2.4978,-1.3706,0.0030,0.0030,0.0030
2,123,-0.7047,-0.0907,1.5244,0.0030,0.0030,0.0030
2,125,-4.3193,-2.3572,0.0674,0.0030,0.0030,0.0030
2,127,-2.4553,0.6844,0.0190,0.0030,0.0030,0.0030
2,128,-3.4388,4.5591,-0.2489,0.0030,0.0030,0.0030
2,130,0.6691,-0.8965,-0.8607,0.0030,0.0030,0.0030
2,132,2.5911,0.5530,0.5898,0.0030,0.0030,0.0030
2,133,-3.6354,3.7589,1.2477,0.0030,0.0030,0.0030
2,135,-0.3073,-2.8415,2.3927,0.0030,0.0030,0.0030
2,136,2.6245,-5.5264,0.1477,0.0030,0.0030,0.0030
2,137,-0.0251,2.6171,0.6731,0.0030,0.0030,0.0030
2,140,-1.6039,-3.1859,1.2254,0.0030,0.0030,0.0030
2,141,-0.1780,-5.3749,2.9260,0.0030,0.0030,0.0030
2,143,-2.9764,0.4189,1.4380,0.0030,0.0030,0.0030
2,146,-1.3889,-4.0909,2.1912,0.0030,0.0030,0.0030
2,147,-2.5732,0.9188,2.8115,0.0030,0.0030,0.0030
2,148,1.4627,3.7691,-1.2678,0.0030,0.0030,0.0030
2,150,-0.1896,-2.7479,-1.3421,0.0030,0.0030,0.0030
2,152,2.8482,-0.8113,-0.2858,0.0030,0.0030,0.0030
2,156,-1.5805,-2.9928,-0.4271,0.0030,0.0030,0.0030
2,157,-2.1414,-1.8173,2.5895,0.0030,0.0030,0.0030
2,158,-2.9386,4.8672,-1.2997,0.0030,0.0030,0.0030
2,161,-1.1689,-4.2006,2.4966,0.0030,0.0030,0.0030
2,162,-0.3364,-2.6388,2.4872,0.0030,0.0030,0.0030
2,167,1.1719,2.2333,0.4196,0.0030,0.0030,0.0030
2,170,-2.2368,-3.5401,2.2416,0.0030,0.0030,0.0030
2,172,-2.5610,-1.0022,1.4439,0.0030,0.0030,0.0030
2,173,-0.9752,5.0647,0.1520,0.0030,0.0030,0.0030
2,178,0.0316,0.4149,2.7116,0.0030,0.0030,0.0030
2,180,-0.4656,1.1889,2.7519,0.0030,0.0030,0.0030
2,182,-1.3312,2.3371,-0.1605,0.0030,0.0030,0.0030
2,185,-4.2139,-2.5856,2.1160,0.0030,0.0030,0.0030
2,187,2.6688,-0.8373,0.5437,0.0030,0.0030,0.0030
2,190,-4.6108,0.7562,-1.0059,0.0030,0.0030,0.0030
2,191,-0.1130,-0.3176,-0.1092,0.0030,0.0030,0.0030
2,192,-2.3131,1.5168,-0.0561,0.0030,0.0030,0.0030
2,195,0.4043,-0.8378,1.6062,0.0030,0.0030,0.0030
2,200,-3.3324,1.8620,2.6334,0.0030,0.0030,0.0030
2,201,2.5412,-5.3262,-0.3333,0.0030,0.0030,0.0030
2,202,-1.3173,2.4776,2.6137,0.0030,0.0030,0.0030
2,203,-3.3573,1.2704,0.3287,0.0030,0.0030,0.0030
2,205,0.3398,-0.4926,0.4410,0.0030,0.0030,0.0030
2,207,1.4595,-2.4254,-1.1057,0.0030,0.0030,0.0030
2,210,-4.3558,1.1836,-0.8160,0.0030,0.0030,0.0030
2,212,0.8141,2.6446,-0.4025,0.0030,0.0030,0.0030
2,216,2.9115,-5.3502,0.3688,0.0030,0.0030,0.0030
2,217,1.9606,1.6519,2.1570,0.0030,0.0030,0.0030
2,220,-0.0521,-1.7067,0.5647,0.0030,0.0030,0.0030
2,221,-1.2831,-3.0240,2.7225,0.0030,0.0030,0.0030
2,222,1.5512,-1.9529,2.4569,0.0030,0.0030,0.0030
2,226,2.3635,-0.3095,-0.0891,0.0030,0.0030,0.0030
2,227,2.6369,-0.3931,2.5860,0.0030,0.0030,0.0030
2,232,0.5395,2.5293,2.0086,0.0030,0.0030,0.0030
2,243,1.5697,2.6325,2.8055,0.0030,0.0030,0.0030
2,246,2.2249,-5.2636,2.0717,0.0030,0.0030,0.0030
2,247,-0.4543,-2.5719,1.7011,0.0030,0.0030,0.0030
2,251,-0.5515,-4.8086,-1.1788,0.0030,0.0030,0.0030
2,252,0.2065,2.5213,2.2995,0.0030,0.0030,0.0030
2,253,0.6038,1.0259,1.5458,0.0030,0.0030,0.0030
2,257,-2.8472,-0.5993,2.3168,0.0030,0.0030,0.0030
2,262,-2.5061,-0.6612,2.7535,0.0030,0.0030,0.0030
2,265,-1.3923,1.7683,-0.2376,0.0030,0.0030,0.0030
2,267,-1.9647,-2.0872,2.8527,0.0030,0.0030,0.0030
2,268,-3.5266,1.3944,0.3576,0.0030,0.0030,0.0030
2,272,-2.1075,1.4143,-1.2980,0.0030,0.0030,0.0030
2,273,-1.1485,5.3992,0.1941,0.0030,0.0030,0.0030
2,275,-4.8212,0.6593,0.5559,0.0030,0.0030,0.0030
2,276,2.5233,-5.5979,-0.5780,0.0030,0.0030,0.0030
2,277,2.7476,0.7120,2.6256,0.0030,0.0030,0.0030
2,278,1.3828,2.2839,1.9491,0.0030,0.0030,0.0030
2,280,-1.4141,1.9597,2.1017,0.0030,0.0030,0.0030
2,282,-2.2236,1.3682,0.0134,0.0030,0.0030,0.0030
2,283,-2.1834,5.3455,2.7401,0.0030,0.0030,0.0030
2,285,-4.6371,-1.6392,1.6718,0.0030,0.0030,0.0030
2,286,-1.4496,-4.0798,2.1947,0.0030,0.0030,0.0030
2,287,-1.9414,-2.0772,2.5316,0.0030,0.0030,0.0030
2,290,-3.4993,1.6368,2.0611,0.0030,0.0030,0.0030
2,292,0.6122,-2.3597,1.6388,0.0030,0.0030,0.0030
2,293,-3.8640,3.4995,1.2626,0.0030,0.0030,0.0030
2,297,2.6050,-0.5539,2.1019,0.0030,0.0030,0.0030
2,298,1.3786,1.8355,1.6868,0.0030,0.0030,0.0030
2,300,0.0510,-1.9409,2.3674,0.0030,0.0030,0.0030
2,307,-2.6171,-0.3368,2.6561,0.0030,0.0030,0.0030
2,308,1.3754,3.1927,2.8286,0.0030,0.0030,0.0030
2,310,0.0711,0.7065,1.5693,0.0030,0.0030,0.0030
2,312,2.5777,-1.2321,1.4776,0.0030,0.0030,0.0030
2,316,1.5360,-0.3489,1.5001,0.0030,0.0030,0.0030
2,317,2.0641,1.9471,0.9995,0.0030,0.0030,0.0030
2,321,0.2128,-0.5035,1.7084,0.0030,0.0030,0.0030
2,322,-2.7035,-0.3406,1.2538,0.0030,0.0030,0.0030
2,325,-4.8470,0.2366,-0.4033,0.0030,0.0030,0.0030
2,327,2.7072,0.3570,-0.9569,0.0030,0.0030,0.0030
2,331,0.7139,-0.1732,-0.8613,0.0030,0.0030,0.0030
2,332,-2.4249,-1.1023,2.7711,0.0030,0.0030,0.0030
2,337,-1.7637,-1.8698,2.3905,0.0030,0.0030,0.0030
2,338,1.1949,1.6813,2.8070,0.0030,0.0030,0.0030
2,340,-2.2480,-3.4468,1.8561,0.0030,0.0030,0.0030
2,341,3.3717,-1.8533,1.2801,0.0030,0.0030,0.0030
2,342,1.6867,2.2106,-1.1669,0.0030,0.0030,0.0030
2,343,-3.7964,1.9815,-1.1642,0.0030,0.0030,0.0030
2,345,-4.8439,-1.6389,0.2668,0.0030,0.0030,0.0030
2,346,3.7488,-3.6360,-1.1579,0.0030,0.0030,0.0030
2,347,2.8385,0.4236,-0.0052,0.0030,0.0030,0.0030
2,348,1.1980,3.2702,1.3392,0.0030,0.0030,0.0030
2,352,-2.6143,-0.9283,2.8518,0.0030,0.0030,0.0030
2,355,-3.7969,1.3572,2.6772,0.0030,0.0030,0.0030
2,356,2.7025,-5.1662,2.5449,0.0030,0.0030,0.0030
2,357,-1.9650,-1.5045,-1.1177,0.0030,0.0030,0.0030
2,358,-2.1111,5.2074,1.1055,0.0030,0.0030,0.0030
2,360,-4.6567,-2.1016,1.6936,0.0030,0.0030,0.0030
2,365,-3.0051,-3.0710,2.7873,0.0030,0.0030,0.0030
2,367,-0.8556,-2.7874,-1.2069,0.0030,0.0030,0.0030
2,368,1.3962,2.9787,2.6162,0.0030,0.0030,0.0030
2,370,-0.1849,1.2220,0.1516,0.0030,0.0030,0.0030
2,373,-1.2013,5.3898,0.7479,0.0030,0.0030,0.0030
2,375,-3.7352,1.8022,2.5937,0.0030,0.0030,0.0030
2,376,-1.4312,-3.0169,2.7716,0.0030,0.0030,0.0030
2,377,1.6844,-1.9310,-0.0513,0.0030,0.0030,0.0030
2,378,1.2393,1.8276,2.9708,0.0030,0.0030,0.0030
2,382,-0.3613,2.8116,2.4179,0.0030,0.0030,0.0030
2,387,1.3465,-2.5282,-0.5405,0.0030,0.0030,0.0030
2,390,-0.0959,0.8320,-0.5713,0.0030,0.0030,0.0030
2,391,2.5124,-5.3740,-0.9705,0.0030,0.0030,0.0030
2,392,-2.2794,-1.3076,2.7399,0.0030,0.0030,0.0030
2,397,-0.0925,2.6473,2.7457,0.0030,0.0030,0.0030
2,398,-1.1192,5.1034,1.3822,0.0030,0.0030,0.0030
2,400,0.5829,-1.3857,1.2421,0.0030,0.0030,0.0030
3,3,-0.2538,-2.9128,1.6592,0.0030,0.0030,0.0030
3,8,2.3377,-1.0608,2.1561,0.0030,0.0030,0.0030
3,9,2.1795,-0.9851,1.6287,0.0030,0.0030,0.0030
3,12,-2.1667,1.5595,2.1694,0.0030,0.0030,0.0030
3,13,1.5907,-2.2587,2.8326,0.0030,0.0030,0.0030
3,14,4.7142,-1.5850,2.2943,0.0030,0.0030,0.0030
3,18,1.4749,2.5620,-0.0634,0.0030,0.0030,0.0030
3,20,1.3215,4.1271,2.4227,0.0030,0.0030,0.0030
3,22,-1.3634,5.0590,-0.7518,0.0030,0.0030,0.0030
3,23,-0.5361,-2.6220,1.9146,0.0030,0.0030,0.0030
3,27,1.3838,0.2292,-1.2424,0.0030,0.0030,0.0030
3,28,-1.6583,2.1153,-1.0084,0.0030,0.0030,0.0030
3,29,5.8928,-4.5363,3.1109,0.0030,0.0030,0.0030
3,30,0.6602,3.7482,1.9433,0.0030,0.0030,0.0030
3,33,-2.7456,-0.1473,-0.5584,0.0030,0.0030,0.0030
3,35,0.8971,0.4964,1.6311,0.0030,0.0030,0.0030
3,38,-1.2494,-2.4693,-0.9249,0.0030,0.0030,0.0030
3,42,2.5734,4.7869,1.1186,0.0030,0.0030,0.0030
3,43,0.7656,2.6950,-0.9013,0.0030,0.0030,0.0030
3,44,1.4975,-1.3153,-0.8597,0.0030,0.0030,0.0030
3,45,1.9284,4.6845,1.5231,0.0030,0.0030,0.0030
3,48,2.2249,1.5447,1.6509,0.0030,0.0030,0.0030
3,53,-2.7642,-0.6667,0.2329,0.0030,0.0030,0.0030
3,54,3.3668,-1.0848,1.7181,0.0030,0.0030,0.0030
3,58,-1.5352,2.4966,2.9345,0.0030,0.0030,0.0030
3,59,2.6472,-0.7883,2.9406,0.0030,0.0030,0.0030
3,60,0.1714,2.4472,1.9187,0.0030,0.0030,0.0030
3,63,2.8442,-0.2560,-0.1538,0.0030,0.0030,0.0030
3,68,1.5016,-2.3290,-0.9456,0.0030,0.0030,0.0030
3,69,4.7955,-5.8136,1.0267,0.0030,0.0030,0.0030
3,70,0.3126,3.3321,-0.5074,0.0030,0.0030,0.0030
3,72,-2.1254,2.0802,1.0673,0.0030,0.0030,0.0030
3,73,-0.6177,-2.8730,2.9750,0.0030,0.0030,0.0030
3,78,0.3285,2.5566,-0.2304,0.0030,0.0030,0.0030
3,79,1.1731,-5.3141,2.1654,0.0030,0.0030,0.0030
3,82,-2.1533,1.8922,1.9541,0.0030,0.0030,0.0030
3,83,-2.4346,0.5082,0.3042,0.0030,0.0030,0.0030
3,87,-2.1645,2.3365,-1.3692,0.0030,0.0030,0.0030
3,88,-1.1632,-2.6710,0.5945,0.0030,0.0030,0.0030
3,90,0.7011,0.4911,0.5641,0.0030,0.0030,0.0030
3,94,5.9552,-4.2858,3.1575,0.0030,0.0030,0.0030
3,95,0.9904,3.7860,-0.3925,0.0030,0.0030,0.0030
3,97,-2.3281,2.1523,2.7706,0.0030,0.0030,0.0030
3,100,1.8525,4.8530,2.9176,0.0030,0.0030,0.0030
3,110,5.5115,2.5451,2.6811,0.0030,0.0030,0.0030
3,113,-1.5663,-2.3171,0.1812,0.0030,0.0030,0.0030
3,115,1.7712,4.8950,-1.4155,0.0030,0.0030,0.0030
3,118,-1.7230,-2.1661,-0.6178,0.0030,0.0030,0.0030
3,119,1.6949,-1.2323,-0.5156,0.0030,0.0030,0.0030
3,123,1.1141,2.5243,1.4021,0.0030,0.0030,0.0030
3,125,5.3944,2.2432,0.0155,0.0030,0.0030,0.0030
3,127,2.0983,0.8799,-0.0851,0.0030,0.0030,0.0030
3,128,0.6203,-2.8379,-0.3776,0.0030,0.0030,0.0030
3,129,1.6099,-6.2790,2.8302,0.0030,0.0030,0.0030
3,130,0.5114,3.9910,-0.9858,0.0030,0.0030,0.0030
3,133,1.2270,-2.3082,1.1253,0.0030,0.0030,0.0030
3,135,2.3932,4.9933,2.2957,0.0030,0.0030,0.0030
3,137,-1.0105,0.7357,0.5178,0.0030,0.0030,0.0030
3,138,0.0542,-2.9381,0.2483,0.0030,0.0030,0.0030
3,140,3.6596,4.5018,1.1467,0.0030,0.0030,0.0030
3,143,2.6533,0.7841,1.3451,0.0030,0.0030,0.0030
3,148,-2.8721,0.6861,-1.4442,0.0030,0.0030,0.0030
3,149,0.7715,-5.4696,2.0801,0.0030,0.0030,0.0030
3,150,2.3086,4.9836,-1.4434,0.0030,0.0030,0.0030
3,153,-0.5431,2.6473,-1.2496,0.0030,0.0030,0.0030
3,158,0.0427,-2.7980,-1.4341,0.0030,0.0030,0.0030
3,163,-0.8318,-2.8194,2.2509,0.0030,0.0030,0.0030
3,164,5.8898,-3.4620,-1.1649,0.0030,0.0030,0.0030
3,168,0.3688,2.4529,1.8537,0.0030,0.0030,0.0030
3,169,5.5580,-4.6191,2.5375,0.0030,0.0030,0.0030
3,170,4.3638,4.4167,2.1730,0.0030,0.0030,0.0030
3,173,-1.6682,-1.7969,-0.0023,0.0030,0.0030,0.0030
3,178,0.2049,2.5527,2.5752,0.0030,0.0030,0.0030
3,179,0.6719,-2.0274,2.9752,0.0030,0.0030,0.0030
3,183,-2.9218,0.0662,2.6938,0.0030,0.0030,0.0030
3,184,4.1480,-5.9314,0.6498,0.0030,0.0030,0.0030
3,188,-0.2570,-2.9181,0.0170,0.0030,0.0030,0.0030
3,193,1.1904,2.7118,2.3678,0.0030,0.0030,0.0030
3,198,1.1265,2.1680,1.1887,0.0030,0.0030,0.0030
3,199,3.2271,-6.3754,1.6118,0.0030,0.0030,0.0030
3,200,2.0693,-0.6008,2.5216,0.0030,0.0030,0.0030
3,203,2.4784,-0.1318,0.2336,0.0030,0.0030,0.0030
3,204,1.8676,-1.2296,-1.0378,0.0030,0.0030,0.0030
3,207,0.7740,5.6873,-1.2299,0.0030,0.0030,0.0030
3,208,2.2662,1.1797,0.7759,0.0030,0.0030,0.0030
3,212,-1.6887,1.2057,-0.5647,0.0030,0.0030,0.0030
3,213,1.7806,1.8360,0.4396,0.0030,0.0030,0.0030
3,215,0.0253,3.0339,1.2852,0.0030,0.0030,0.0030
3,218,2.2136,-1.9575,2.3673,0.0030,0.0030,0.0030
3,220,1.5483,4.2246,0.4491,0.0030,0.0030,0.0030
3,225,4.8418,0.2681,-1.1352,0.0030,0.0030,0.0030
3,229,1.2148,-5.6860,2.8842,0.0030,0.0030,0.0030
3,230,5.4110,3.1377,-0.3065,0.0030,0.0030,0.0030
3,233,2.7498,0.2669,-0.9627,0.0030,0.0030,0.0030
3,234,0.8780,-2.4636,-1.1719,0.0030,0.0030,0.0030
3,235,0.2669,0.8660,-1.4938,0.0030,0.0030,0.0030
3,238,-2.7793,0.6230,2.1967,0.0030,0.0030,0.0030
3,240,5.1359,0.3539,2.8900,0.0030,0.0030,0.0030
3,243,-2.3456,1.6644,2.6317,0.0030,0.0030,0.0030
3,245,5.3561,1.0293,2.0198,0.0030,0.0030,0.0030
3,250,2.7665,-0.4605,0.3231,0.0030,0.0030,0.0030
3,253,-0.5991,2.3991,1.4041,0.0030,0.0030,0.0030
3,254,2.3798,-6.6028,2.8711,0.0030,0.0030,0.0030
3,255,5.2456,2.5644,-0.7818,0.0030,0.0030,0.0030
3,258,-2.5094,-1.3553,0.1151,0.0030,0.0030,0.0030
3,267,3.2859,3.3984,2.7695,0.0030,0.0030,0.0030
3,268,2.5455,-0.3314,0.2615,0.0030,0.0030,0.0030
3,272,1.4095,0.4887,-1.4180,0.0030,0.0030,0.0030
3,273,-1.7430,-2.1668,0.0339,0.0030,0.0030,0.0030
3,274,5.6007,-4.3144,1.7362,0.0030,0.0030,0.0030
3,275,4.0180,-0.4999,0.4805,0.0030,0.0030,0.0030
3,278,-1.9802,1.8376,1.7790,0.0030,0.0030,0.0030
3,279,5.0326,-1.6281,-0.4518,0.0030,0.0030,0.0030
3,283,-0.9035,-2.7428,2.5905,0.0030,0.0030,0.0030
3,285,5.1993,1.4689,1.6175,0.0030,0.0030,0.0030
3,288,0.2222,2.4596,-0.9723,0.0030,0.0030,0.0030
3,292,1.3801,5.1467,1.5210,0.0030,0.0030,0.0030
3,293,1.5614,-2.2388,1.1585,0.0030,0.0030,0.0030
3,295,2.1137,-0.7513,2.2015,0.0030,0.0030,0.0030
3,298,-1.7083,2.1936,1.5289,0.0030,0.0030,0.0030
3,299,5.5915,-5.2237,0.1938,0.0030,0.0030,0.0030
3,304,4.5834,-1.4976,-0.7169,0.0030,0.0030,0.0030
3,305,-0.1079,1.2360,2.5573,0.0030,0.0030,0.0030
3,307,2.7861,1.6102,2.5621,0.0030,0.0030,0.0030
3,308,-2.5140,1.0965,2.6534,0.0030,0.0030,0.0030
3,309,4.7257,-1.3847,0.0860,0.0030,0.0030,0.0030
3,313,-0.5698,2.6780,-0.3431,0.0030,0.0030,0.0030
3,314,0.4442,-3.2091,2.0193,0.0030,0.0030,0.0030
3,323,2.5893,0.2697,2.0550,0.0030,0.0030,0.0030
3,324,0.1867,-3.2025,0.4503,0.0030,0.0030,0.0030
3,325,4.3010,-0.1739,-0.4793,0.0030,0.0030,0.0030
3,328,2.1200,-1.3587,2.2790,0.0030,0.0030,0.0030
3,329,0.9226,-5.6611,0.9783,0.0030,0.0030,0.0030
3,335,0.8654,-0.0038,0.6908,0.0030,0.0030,0.0030
3,338,-1.4901,2.2138,2.6525,0.0030,0.0030,0.0030
3,339,5.3476,-4.6092,2.8822,0.0030,0.0030,0.0030
3,343,2.4303,-0.9580,-1.2628,0.0030,0.0030,0.0030
3,344,5.4331,-5.1679,1.3151,0.0030,0.0030,0.0030
3,345,5.3894,1.3516,0.2200,0.0030,0.0030,0.0030
3,347,-2.0261,4.1928,-0.1755,0.0030,0.0030,0.0030
3,348,-2.3991,0.9265,1.1665,0.0030,0.0030,0.0030
3,352,3.1328,2.0823,2.7631,0.0030,0.0030,0.0030
3,355,2.7472,-0.4598,2.5826,0.0030,0.0030,0.0030
3,358,-0.8627,-2.5791,0.9514,0.0030,0.0030,0.0030
3,359,4.7947,-6.0267,-1.2859,0.0030,0.0030,0.0030
3,360,5.4813,1.8378,1.6376,0.0030,0.0030,0.0030
3,363,-0.8592,-2.7762,2.1924,0.0030,0.0030,0.0030
3,368,-2.4155,1.2733,2.4366,0.0030,0.0030,0.0030
3,369,2.5362,-1.1162,0.7849,0.0030,0.0030,0.0030
3,373,-1.7013,-2.1981,0.5804,0.0030,0.0030,0.0030
3,374,3.9817,-1.2655,0.9359,0.0030,0.0030,0.0030
3,377,0.2918,5.4253,-0.1816,0.0030,0.0030,0.0030
3,378,-1.6097,2.1234,2.8128,0.0030,0.0030,0.0030
3,383,2.5487,0.7804,1.5295,0.0030,0.0030,0.0030
3,384,3.3582,-6.1594,-0.9872,0.0030,0.0030,0.0030
3,385,5.6137,2.5724,2.6504,0.0030,0.0030,0.0030
3,387,0.9243,5.7098,-0.6571,0.0030,0.0030,0.0030
3,389,2.6877,-0.8518,2.3730,0.0030,0.0030,0.0030
3,393,2.4522,0.0179,1.7382,0.0030,0.0030,0.0030
3,398,-1.5952,-1.9161,1.2215,0.0030,0.0030,0.0030
3,400,0.8432,4.3279,1.1107,0.0030,0.0030,0.0030
4,9,0.2940,2.8434,1.4962,0.0030,0.0030,0.0030
4,13,-0.7495,1.9197,2.7068,0.0030,0.0030,0.0030
4,14,2.3708,1.2748,2.1142,0.0030,0.0030,0.0030
4,29,2.2739,-1.9118,2.9224,0.0030,0.0030,0.0030
4,44,-0.5072,2.8311,-0.9780,0.0030,0.0030,0.0030
4,48,1.3544,5.1384,1.5059,0.0030,0.0030,0.0030
4,54,1.3382,2.2683,1.5621,0.0030,0.0030,0.0030
4,59,0.8186,2.8360,2.7962,0.0030,0.0030,0.0030
4,69,0.7046,-2.6252,0.8702,0.0030,0.0030,0.0030
4,73,-3.0004,2.2512,2.8982,0.0030,0.0030,0.0030
4,79,-2.3852,-0.6948,2.0628,0.0030,0.0030,0.0030
4,88,-3.4629,2.6613,0.5220,0.0030,0.0030,0.0030
4,94,2.4235,-1.7012,2.9700,0.0030,0.0030,0.0030
4,119,-0.2906,2.8314,-0.6342,0.0030,0.0030,0.0030
4,129,-2.3477,-1.7535,2.7291,0.0030,0.0030,0.0030
4,138,-2.4667,1.9293,0.1541,0.0030,0.0030,0.0030
4,149,-2.8081,-0.6793,1.9918,0.0030,0.0030,0.0030
4,153,-0.7781,7.2845,-1.3499,0.0030,0.0030,0.0030
4,163,-3.1852,2.3873,2.1784,0.0030,0.0030,0.0030
4,164,2.6214,-0.9112,-1.3560,0.0030,0.0030,0.0030
4,169,1.9215,-1.8555,2.3500,0.0030,0.0030,0.0030
4,179,-1.4801,2.4988,2.8687,0.0030,0.0030,0.0030
4,184,0.0627,-2.4730,0.4984,0.0030,0.0030,0.0030
4,198,0.6074,6.1587,1.0559,0.0030,0.0030,0.0030
4,199,-0.9342,-2.4945,1.4815,0.0030,0.0030,0.0030
4,204,-0.1461,2.7587,-1.1762,0.0030,0.0030,0.0030
4,213,1.0553,5.5867,0.3057,0.0030,0.0030,0.0030
4,218,-0.0573,1.9359,2.2335,0.0030,0.0030,0.0030
4,229,-2.4725,-1.0539,2.7735,0.0030,0.0030,0.0030
4,233,1.2712,3.7761,-1.1094,0.0030,0.0030,0.0030
4,234,-1.5460,2.0413,-1.2825,0.0030,0.0030,0.0030
4,238,-3.5769,6.3320,2.1471,0.0030,0.0030,0.0030
4,254,-1.7875,-2.3641,2.7572,0.0030,0.0030,0.0030
4,258,-4.1734,4.4215,0.0579,0.0030,0.0030,0.0030
4,274,2.0707,-1.5753,1.5521,0.0030,0.0030,0.0030
4,279,2.5922,1.1114,-0.6467,0.0030,0.0030,0.0030
4,299,1.6549,-2.4130,0.0094,0.0030,0.0030,0.0030
4,304,2.2416,1.4119,-0.8957,0.0030,0.0030,0.0030
4,309,2.4234,1.4579,-0.0968,0.0030,0.0030,0.0030
4,314,-2.1934,1.5183,1.9276,0.0030,0.0030,0.0030
4,323,1.1832,3.8252,1.9109,0.0030,0.0030,0.0030
4,324,-2.4496,1.6357,0.3556,0.0030,0.0030,0.0030
4,329,-2.7704,-0.9114,0.8810,0.0030,0.0030,0.0030
4,339,1.7342,-1.7571,2.7025,0.0030,0.0030,0.0030
4,344,1.5567,-2.3014,1.1349,0.0030,0.0030,0.0030
4,359,0.5783,-2.8108,-1.4489,0.0030,0.0030,0.0030
4,363,-3.1975,2.4434,2.1185,0.0030,0.0030,0.0030
4,369,0.5507,2.5812,0.6481,0.0030,0.0030,0.0030
4,374,1.8170,1.8571,0.7717,0.0030,0.0030,0.0030
4,384,-0.7851,-2.3412,-1.1251,0.0030,0.0030,0.0030
4,389,0.8251,2.7563,2.2289,0.0030,0.0030,0.0030
4,393,0.9490,3.6559,1.5956,0.0030,0.0030,0.0030
5,2,-1.7354,3.9083,2.6026,0.0030,0.0030,0.0030
5,3,-5.3754,2.2742,1.8212,0.0030,0.0030,0.0030
5,8,-3.1761,-0.0363,2.2465,0.0030,0.0030,0.0030
5,12,-1.2107,4.7895,2.3394,0.0030,0.0030,0.0030
5,15,-1.8672,1.9141,2.1525,0.0030,0.0030,0.0030
5,20,1.8172,1.6812,2.4834,0.0030,0.0030,0.0030
5,22,2.3331,4.5444,-0.6442,0.0030,0.0030,0.0030
5,23,-5.1209,2.5939,2.0792,0.0030,0.0030,0.0030
5,25,1.9973,-2.1024,2.0517,0.0030,0.0030,0.0030
5,27,-2.0818,1.1617,-1.1470,0.0030,0.0030,0.0030
5,28,-0.6226,4.4335,-0.8653,0.0030,0.0030,0.0030
5,30,1.3505,2.2956,2.0118,0.0030,0.0030,0.0030
5,35,-1.8444,1.6159,1.7398,0.0030,0.0030,0.0030
5,38,-5.1095,3.3834,-0.7420,0.0030,0.0030,0.0030
5,40,1.0691,-2.2510,2.2847,0.0030,0.0030,0.0030
5,43,0.2873,2.1061,-0.8188,0.0030,0.0030,0.0030
5,45,2.4491,1.1916,1.5638,0.0030,0.0030,0.0030
5,52,-0.4722,5.1657,1.0380,0.0030,0.0030,0.0030
5,58,-0.1799,4.2763,3.0663,0.0030,0.0030,0.0030
5,60,-0.0068,2.5938,2.0223,0.0030,0.0030,0.0030
5,70,0.8539,2.6319,-0.4169,0.0030,0.0030,0.0030
5,80,-1.2876,-2.2533,2.1654,0.0030,0.0030,0.0030
5,83,-2.3125,4.9411,0.4832,0.0030,0.0030,0.0030
5,85,2.4977,-1.3005,2.8686,0.0030,0.0030,0.0030
5,87,-0.4891,4.9595,-1.2126,0.0030,0.0030,0.0030
5,90,-1.8903,1.8356,0.6758,0.0030,0.0030,0.0030
5,95,1.3970,2.0161,-0.3302,0.0030,0.0030,0.0030
5,100,2.6199,1.2507,2.9567,0.0030,0.0030,0.0030
5,110,0.8401,-2.6811,2.6523,0.0030,0.0030,0.0030
5,113,-4.9876,3.6897,0.3647,0.0030,0.0030,0.0030
5,115,2.5877,1.4252,-1.3752,0.0030,0.0030,0.0030
5,117,2.1080,0.2807,1.7722,0.0030,0.0030,0.0030
5,118,-4.8751,3.8831,-0.4241,0.0030,0.0030,0.0030
5,120,1.7799,-2.0973,-1.0285,0.0030,0.0030,0.0030
5,125,0.4876,-2.5585,-0.0036,0.0030,0.0030,0.0030
5,127,-1.3228,0.5207,-0.0192,0.0030,0.0030,0.0030
5,128,-5.2107,1.4600,-0.2354,0.0030,0.0030,0.0030
5,130,1.5273,2.5385,-0.9153,0.0030,0.0030,0.0030
5,133,-4.5821,0.9146,1.2507,0.0030,0.0030,0.0030
5,135,2.8312,0.7423,2.3169,0.0030,0.0030,0.0030
5,137,-1.8806,3.5701,0.6608,0.0030,0.0030,0.0030
5,140,2.5048,-0.5543,1.1467,0.0030,0.0030,0.0030
5,147,-1.5584,0.5085,2.7764,0.0030,0.0030,0.0030
5,150,2.7507,0.9130,-1.4175,0.0030,0.0030,0.0030
5,157,1.0641,-0.3925,2.5237,0.0030,0.0030,0.0030
5,167,-0.9762,4.4498,0.4052,0.0030,0.0030,0.0030
5,168,0.0233,2.4019,1.9546,0.0030,0.0030,0.0030
5,170,2.5334,-1.2818,2.1569,0.0030,0.0030,0.0030
5,172,0.1387,-0.3752,1.3869,0.0030,0.0030,0.0030
5,180,-0.8010,2.5017,2.7293,0.0030,0.0030,0.0030
5,183,-2.7853,5.3084,2.8895,0.0030,0.0030,0.0030
5,185,0.7663,-2.5801,2.0433,0.0030,0.0030,0.0030
5,188,-5.4078,2.3149,0.1778,0.0030,0.0030,0.0030
5,190,-2.4083,-1.3468,-1.0435,0.0030,0.0030,0.0030
5,193,0.4073,1.6270,2.4397,0.0030,0.0030,0.0030
5,195,1.3798,2.3171,1.5501,0.0030,0.0030,0.0030
5,200,-2.7493,0.2875,2.6177,0.0030,0.0030,0.0030
5,202,-2.3404,2.3518,2.6030,0.0030,0.0030,0.0030
5,203,-2.2630,-0.0109,0.3053,0.0030,0.0030,0.0030
5,205,1.0316,2.4349,0.3921,0.0030,0.0030,0.0030
5,208,-0.9907,0.3701,0.8482,0.0030,0.0030,0.0030
5,210,-2.6630,-0.9267,-0.8412,0.0030,0.0030,0.0030
5,212,-1.5279,4.3310,-0.4162,0.0030,0.0030,0.0030
5,215,0.5425,2.8419,1.3772,0.0030,0.0030,0.0030
5,220,1.9278,1.5108,0.4992,0.0030,0.0030,0.0030
5,225,-1.5469,-2.2603,-1.1203,0.0030,0.0030,0.0030
5,230,1.3760,-2.4506,-0.3226,0.0030,0.0030,0.0030
5,235,-1.6100,2.3558,-1.3843,0.0030,0.0030,0.0030
5,240,-1.3771,-2.6217,2.9017,0.0030,0.0030,0.0030
5,245,-0.6883,-2.7346,2.0231,0.0030,0.0030,0.0030
5,250,-2.5478,-0.3368,0.4008,0.0030,0.0030,0.0030
5,253,-0.1646,3.3659,1.5205,0.0030,0.0030,0.0030
5,255,0.7708,-2.3504,-0.8006,0.0030,0.0030,0.0030
5,257,-0.3549,-0.4396,2.2673,0.0030,0.0030,0.0030
5,265,-1.7838,1.9610,-0.2535,0.0030,0.0030,0.0030
5,267,1.3838,-0.3669,2.7882,0.0030,0.0030,0.0030
5,272,-1.8221,1.1701,-1.3206,0.0030,0.0030,0.0030
5,275,-2.4114,-1.5924,0.5307,0.0030,0.0030,0.0030
5,278,-0.9133,4.6481,1.9347,0.0030,0.0030,0.0030
5,280,-1.9351,2.0182,2.0765,0.0030,0.0030,0.0030
5,285,-0.2815,-2.5151,1.6188,0.0030,0.0030,0.0030
5,288,-0.0319,2.6133,-0.8708,0.0030,0.0030,0.0030
5,290,-2.6320,0.0333,2.0464,0.0030,0.0030,0.0030
5,295,-2.9031,0.2305,2.2966,0.0030,0.0030,0.0030
5,300,2.1910,1.4852,2.2995,0.0030,0.0030,0.0030
5,305,-1.2389,2.6966,2.6752,0.0030,0.0030,0.0030
5,307,-0.4605,-0.1241,2.6111,0.0030,0.0030,0.0030
5,308,-1.7098,5.0613,2.8324,0.0030,0.0030,0.0030
5,310,-0.1366,2.7549,1.5366,0.0030,0.0030,0.0030
5,312,2.7396,4.0570,1.4241,0.0030,0.0030,0.0030
5,313,0.0870,3.4204,-0.2218,0.0030,0.0030,0.0030
5,317,-0.3066,5.0922,0.9894,0.0030,0.0030,0.0030
5,322,-0.5245,-0.1852,1.2027,0.0030,0.0030,0.0030
5,325,-2.0570,-1.7983,-0.4399,0.0030,0.0030,0.0030
5,328,-3.5085,0.1345,2.3688,0.0030,0.0030,0.0030
5,332,0.2963,-0.3153,2.7178,0.0030,0.0030,0.0030
5,335,-2.3542,1.5976,0.8047,0.0030,0.0030,0.0030
5,340,2.4337,-1.2497,1.7782,0.0030,0.0030,0.0030
5,343,-3.1071,-0.0459,-1.1810,0.0030,0.0030,0.0030
5,345,-0.3903,-2.6857,0.2068,0.0030,0.0030,0.0030
5,347,1.3876,5.0660,-0.0416,0.0030,0.0030,0.0030
5,352,0.0602,-0.3961,2.8009,0.0030,0.0030,0.0030
5,355,-2.5190,-0.3634,2.6572,0.0030,0.0030,0.0030
5,357,0.8279,-0.0666,-1.1801,0.0030,0.0030,0.0030
5,360,0.1239,-2.7384,1.6243,0.0030,0.0030,0.0030
5,365,1.7659,-1.7483,2.7046,0.0030,0.0030,0.0030
5,370,-0.7303,2.7744,0.1264,0.0030,0.0030,0.0030
5,373,-4.8830,3.8266,0.7720,0.0030,0.0030,0.0030
5,375,-2.8805,-0.1032,2.5771,0.0030,0.0030,0.0030
5,378,-0.5645,4.2965,2.9546,0.0030,0.0030,0.0030
5,383,-1.3355,0.0247,1.5939,0.0030,0.0030,0.0030
5,385,0.8819,-2.7818,2.6248,0.0030,0.0030,0.0030
5,387,3.2939,2.3613,-0.6070,0.0030,0.0030,0.0030
5,390,-0.3620,2.6664,-0.6046,0.0030,0.0030,0.0030
5,392,0.5451,-0.2804,2.6882,0.0030,0.0030,0.0030
5,398,-4.5822,3.7577,1.4110,0.0030,0.0030,0.0030
5,400,1.9345,2.2221,1.1809,0.0030,0.0030,0.0030
